#year	AAA	AA	A	BBB	BB	B	CCC	Default	
0	0	0	0	0	0	0	0	1	
1	0	-4.44089e-16	0.0006	0.0018	0.0106	0.0521	0.1978	1	
2	1.788e-05	0.00017712	0.00147934	0.00480917	0.025863	0.104329	0.332226	1	
3	7.49715e-05	0.000534728	0.00271231	0.00905928	0.0443543	0.154395	0.42569	1	
4	0.000189729	0.00108243	0.00435405	0.0145064	0.0649432	0.201204	0.492436	1	
5	0.000378702	0.00183371	0.00644281	0.0210601	0.0867616	0.244349	0.541554	1	
6	0.000657209	0.00280404	0.00900217	0.0286041	0.109159	0.283805	0.57887	1	
7	0.00103976	0.0040094	0.0120432	0.0370112	0.131658	0.319745	0.608146	1	
8	0.00154028	0.0054651	0.0155667	0.0461525	0.153919	0.352435	0.631826	1	
9	0.00217222	0.00718505	0.0195651	0.0559043	0.175704	0.382173	0.651517	1	
10	0.00294853	0.00918113	0.024024	0.0661515	0.196857	0.409259	0.668287	1	
11	0.00388164	0.0114629	0.0289241	0.0767895	0.217279	0.433976	0.682856	1	
12	0.00498327	0.0140374	0.0342424	0.0877254	0.236913	0.45658	0.695721	1	
13	0.0062644	0.0169093	0.0399531	0.0988777	0.255737	0.477305	0.707229	1	
14	0.00773514	0.0200804	0.046029	0.110176	0.273748	0.496354	0.717632	1	
15	0.00940457	0.0235505	0.0524419	0.12156	0.290958	0.51391	0.727112	1	
16	0.0112807	0.027317	0.0591635	0.132978	0.307393	0.530131	0.735809	1	
17	0.0133705	0.0313755	0.0661656	0.144387	0.323083	0.545158	0.743832	1	
18	0.0156796	0.0357197	0.0734208	0.155753	0.338061	0.559113	0.751267	1	
19	0.0182125	0.0403418	0.0809027	0.167046	0.352365	0.572104	0.758183	1	
20	0.0209724	0.0452328	0.0885858	0.178243	0.366032	0.584226	0.764638	1	
21	0.0239615	0.0503824	0.0964461	0.189323	0.379099	0.595563	0.770681	1	
22	0.0271807	0.0557795	0.104461	0.200274	0.391602	0.60619	0.776353	1	
23	0.0306296	0.0614126	0.112609	0.211082	0.403575	0.616173	0.781692	1	
24	0.0343071	0.0672692	0.120871	0.221739	0.415052	0.62557	0.786728	1	
25	0.0382108	0.0733368	0.129227	0.232239	0.426064	0.634433	0.791488	1	
26	0.0423376	0.0796025	0.137662	0.242578	0.43664	0.64281	0.795997	1	
27	0.0466832	0.0860535	0.146158	0.252753	0.446808	0.650742	0.800277	1	
28	0.051243	0.0926768	0.154703	0.262763	0.456595	0.658266	0.804347	1	
29	0.0560113	0.0994597	0.163282	0.272607	0.466023	0.665416	0.808225	1	
30	0.060982	0.106389	0.171884	0.282287	0.475116	0.672223	0.811925	1	
31	0.0661483	0.113454	0.180497	0.291803	0.483894	0.678713	0.815462	1	
32	0.0715031	0.120641	0.189112	0.301157	0.492377	0.684913	0.818849	1	
33	0.0770389	0.127939	0.19772	0.310353	0.500583	0.690843	0.822096	1	
34	0.0827477	0.135336	0.206311	0.319392	0.508528	0.696524	0.825215	1	
35	0.0886215	0.142823	0.21488	0.328277	0.516228	0.701975	0.828215	1	
36	0.0946519	0.150387	0.223419	0.337013	0.523697	0.707213	0.831104	1	
37	0.100831	0.158021	0.231923	0.345602	0.530949	0.712252	0.83389	1	
38	0.107149	0.165713	0.240385	0.354047	0.537996	0.717107	0.836579	1	
39	0.113598	0.173454	0.248801	0.362352	0.544849	0.72179	0.83918	1	
40	0.120171	0.181238	0.257167	0.37052	0.551518	0.726313	0.841696	1	
41	0.126857	0.189054	0.26548	0.378555	0.558015	0.730686	0.844135	1	
42	0.133649	0.196895	0.273735	0.38646	0.564347	0.734919	0.8465	1	
43	0.140538	0.204755	0.281929	0.394238	0.570524	0.739021	0.848797	1	
44	0.147517	0.212627	0.290061	0.401893	0.576552	0.743	0.851028	1	
45	0.154578	0.220503	0.298128	0.409427	0.582441	0.746863	0.853199	1	
46	0.161712	0.228378	0.306128	0.416843	0.588196	0.750618	0.855313	1	
47	0.168912	0.236247	0.314059	0.424146	0.593823	0.754271	0.857373	1	
48	0.176171	0.244104	0.321919	0.431336	0.599329	0.757826	0.859381	1	
49	0.183482	0.251944	0.329708	0.438418	0.604719	0.761291	0.861342	1	
50	0.190837	0.259762	0.337425	0.445393	0.609998	0.76467	0.863256	1	
51	0.198231	0.267555	0.345068	0.452265	0.615172	0.767966	0.865127	1	
52	0.205657	0.275319	0.352637	0.459035	0.620243	0.771186	0.866957	1	
53	0.213109	0.28305	0.360131	0.465707	0.625217	0.774332	0.868747	1	
54	0.220581	0.290744	0.36755	0.472282	0.630098	0.777407	0.8705	1	
55	0.228067	0.298399	0.374894	0.478763	0.634889	0.780417	0.872217	1	
56	0.235563	0.306011	0.382162	0.485152	0.639594	0.783362	0.873899	1	
57	0.243063	0.313579	0.389354	0.491451	0.644215	0.786248	0.875549	1	
58	0.250562	0.321099	0.396471	0.497661	0.648756	0.789075	0.877168	1	
59	0.258056	0.32857	0.403512	0.503786	0.653219	0.791847	0.878757	1	
60	0.265541	0.335989	0.410478	0.509825	0.657608	0.794565	0.880316	1	
61	0.273012	0.343355	0.417369	0.515783	0.661924	0.797233	0.881848	1	
62	0.280465	0.350666	0.424185	0.521659	0.66617	0.799852	0.883354	1	
63	0.287898	0.357921	0.430926	0.527456	0.670349	0.802424	0.884833	1	
64	0.295306	0.365118	0.437593	0.533175	0.674461	0.80495	0.886288	1	
65	0.302686	0.372256	0.444186	0.538817	0.67851	0.807433	0.887719	1	
66	0.310037	0.379335	0.450706	0.544385	0.682497	0.809873	0.889126	1	
67	0.317353	0.386352	0.457153	0.54988	0.686424	0.812273	0.890511	1	
68	0.324634	0.393308	0.463527	0.555302	0.690292	0.814634	0.891874	1	
69	0.331876	0.400202	0.46983	0.560654	0.694103	0.816957	0.893216	1	
70	0.339078	0.407033	0.476061	0.565936	0.697858	0.819243	0.894538	1	
71	0.346236	0.413801	0.482222	0.57115	0.70156	0.821493	0.89584	1	
72	0.353351	0.420505	0.488312	0.576297	0.705208	0.823708	0.897122	1	
73	0.360418	0.427145	0.494333	0.581378	0.708806	0.82589	0.898386	1	
74	0.367438	0.43372	0.500285	0.586394	0.712352	0.828038	0.899631	1	
75	0.374408	0.440231	0.506169	0.591346	0.71585	0.830156	0.900858	1	
76	0.381327	0.446677	0.511985	0.596236	0.719299	0.832242	0.902068	1	
77	0.388193	0.453059	0.517735	0.601064	0.722702	0.834298	0.903261	1	
78	0.395007	0.459376	0.523417	0.605831	0.726058	0.836324	0.904437	1	
79	0.401766	0.465628	0.529034	0.610539	0.729369	0.838322	0.905597	1	
80	0.408469	0.471816	0.534586	0.615187	0.732636	0.840291	0.906742	1	
81	0.415117	0.477939	0.540074	0.619778	0.73586	0.842234	0.90787	1	
82	0.421707	0.483998	0.545498	0.624312	0.739041	0.844149	0.908984	1	
83	0.42824	0.489993	0.550859	0.628789	0.742181	0.846039	0.910082	1	
84	0.434715	0.495925	0.556157	0.633212	0.745279	0.847902	0.911166	1	
85	0.441131	0.501792	0.561394	0.637579	0.748338	0.849741	0.912236	1	
86	0.447489	0.507597	0.566569	0.641893	0.751357	0.851555	0.913292	1	
87	0.453787	0.513339	0.571685	0.646155	0.754338	0.853345	0.914334	1	
88	0.460025	0.519018	0.57674	0.650363	0.75728	0.855111	0.915362	1	
89	0.466204	0.524635	0.581736	0.654521	0.760185	0.856855	0.916377	1	
90	0.472323	0.53019	0.586674	0.658627	0.763053	0.858575	0.917379	1	
91	0.478381	0.535684	0.591554	0.662684	0.765885	0.860273	0.918369	1	
92	0.48438	0.541117	0.596377	0.666691	0.768681	0.86195	0.919345	1	
93	0.490318	0.546489	0.601143	0.67065	0.771443	0.863604	0.92031	1	
94	0.496196	0.551802	0.605853	0.67456	0.77417	0.865238	0.921262	1	
95	0.502014	0.557055	0.610508	0.678424	0.776863	0.866851	0.922202	1	
96	0.507773	0.562249	0.615108	0.68224	0.779522	0.868443	0.923131	1	
97	0.513471	0.567385	0.619655	0.68601	0.782149	0.870016	0.924048	1	
98	0.51911	0.572462	0.624147	0.689735	0.784743	0.871568	0.924953	1	
99	0.52469	0.577482	0.628587	0.693415	0.787305	0.873101	0.925848	1	
100	0.53021	0.582445	0.632975	0.697051	0.789836	0.874615	0.926731	1	
101	0.535672	0.587352	0.637311	0.700643	0.792336	0.87611	0.927603	1	
102	0.541075	0.592202	0.641596	0.704192	0.794805	0.877587	0.928465	1	
103	0.54642	0.596997	0.645831	0.707698	0.797244	0.879045	0.929316	1	
104	0.551707	0.601737	0.650016	0.711162	0.799653	0.880485	0.930156	1	
105	0.556936	0.606423	0.654151	0.714585	0.802033	0.881908	0.930987	1	
106	0.562108	0.611055	0.658238	0.717966	0.804384	0.883313	0.931807	1	
107	0.567223	0.615633	0.662276	0.721307	0.806706	0.884701	0.932617	1	
108	0.572282	0.620159	0.666267	0.724608	0.809001	0.886072	0.933417	1	
109	0.577285	0.624632	0.670211	0.72787	0.811267	0.887426	0.934208	1	
110	0.582232	0.629054	0.674108	0.731093	0.813506	0.888763	0.934989	1	
111	0.587124	0.633424	0.67796	0.734277	0.815719	0.890085	0.93576	1	
112	0.591961	0.637744	0.681766	0.737424	0.817904	0.89139	0.936523	1	
113	0.596744	0.642014	0.685527	0.740532	0.820063	0.892679	0.937276	1	
114	0.601473	0.646234	0.689243	0.743604	0.822197	0.893953	0.93802	1	
115	0.606148	0.650405	0.692916	0.746639	0.824304	0.895212	0.938755	1	
116	0.610771	0.654527	0.696546	0.749638	0.826387	0.896455	0.939481	1	
117	0.615341	0.658602	0.700132	0.752601	0.828444	0.897683	0.940198	1	
118	0.619859	0.662629	0.703677	0.755529	0.830477	0.898896	0.940907	1	
119	0.624326	0.666609	0.707179	0.758423	0.832485	0.900095	0.941607	1	
120	0.628742	0.670542	0.71064	0.761281	0.83447	0.90128	0.942299	1	
121	0.633107	0.67443	0.71406	0.764106	0.83643	0.90245	0.942983	1	
122	0.637423	0.678272	0.71744	0.766897	0.838367	0.903606	0.943658	1	
123	0.641688	0.682069	0.72078	0.769655	0.840281	0.904748	0.944325	1	
124	0.645905	0.685822	0.724081	0.772381	0.842173	0.905877	0.944985	1	
125	0.650073	0.68953	0.727342	0.775074	0.844041	0.906992	0.945636	1	
126	0.654193	0.693195	0.730565	0.777735	0.845888	0.908094	0.94628	1	
127	0.658265	0.696818	0.73375	0.780364	0.847712	0.909182	0.946916	1	
128	0.662291	0.700397	0.736897	0.782962	0.849515	0.910258	0.947545	1	
129	0.666269	0.703935	0.740008	0.785529	0.851296	0.91132	0.948166	1	
130	0.670202	0.707431	0.743081	0.788066	0.853056	0.91237	0.948779	1	
131	0.674089	0.710886	0.746118	0.790573	0.854795	0.913408	0.949385	1	
132	0.677931	0.714301	0.749119	0.79305	0.856513	0.914433	0.949984	1	
133	0.681728	0.717675	0.752085	0.795498	0.858211	0.915446	0.950576	1	
134	0.685481	0.72101	0.755015	0.797917	0.859889	0.916447	0.951161	1	
135	0.68919	0.724306	0.757912	0.800307	0.861547	0.917436	0.951739	1	
136	0.692856	0.727562	0.760773	0.802669	0.863185	0.918413	0.95231	1	
137	0.696479	0.730781	0.763601	0.805002	0.864803	0.919379	0.952875	1	
138	0.70006	0.733961	0.766396	0.807308	0.866403	0.920333	0.953432	1	
139	0.703599	0.737104	0.769157	0.809587	0.867983	0.921275	0.953983	1	
140	0.707096	0.74021	0.771886	0.811839	0.869545	0.922207	0.954527	1	
141	0.710553	0.74328	0.774583	0.814064	0.871088	0.923127	0.955065	1	
142	0.713969	0.746313	0.777248	0.816263	0.872613	0.924037	0.955597	1	
143	0.717346	0.749311	0.779881	0.818436	0.87412	0.924935	0.956122	1	
144	0.720682	0.752273	0.782483	0.820583	0.875609	0.925823	0.956641	1	
145	0.72398	0.7552	0.785055	0.822704	0.87708	0.926701	0.957154	1	
146	0.727239	0.758093	0.787596	0.824801	0.878534	0.927568	0.957661	1	
147	0.73046	0.760952	0.790107	0.826872	0.87997	0.928425	0.958162	1	
148	0.733642	0.763776	0.792588	0.82892	0.88139	0.929272	0.958656	1	
149	0.736788	0.766568	0.79504	0.830943	0.882793	0.930108	0.959145	1	
150	0.739896	0.769327	0.797463	0.832941	0.884179	0.930935	0.959629	1	
151	0.742968	0.772053	0.799857	0.834917	0.885549	0.931752	0.960106	1	
152	0.746004	0.774747	0.802224	0.836869	0.886902	0.932559	0.960578	1	
153	0.749004	0.777409	0.804562	0.838798	0.888239	0.933356	0.961044	1	
154	0.751969	0.78004	0.806872	0.840704	0.889561	0.934145	0.961505	1	
155	0.754899	0.78264	0.809155	0.842587	0.890867	0.934924	0.96196	1	
156	0.757795	0.785209	0.811411	0.844448	0.892158	0.935693	0.96241	1	
157	0.760656	0.787747	0.813641	0.846288	0.893433	0.936454	0.962854	1	
158	0.763484	0.790256	0.815844	0.848105	0.894693	0.937205	0.963294	1	
159	0.766278	0.792735	0.818021	0.849901	0.895938	0.937948	0.963728	1	
160	0.76904	0.795185	0.820172	0.851676	0.897169	0.938681	0.964157	1	
161	0.771769	0.797606	0.822298	0.853429	0.898385	0.939407	0.96458	1	
162	0.774465	0.799998	0.824399	0.855162	0.899586	0.940123	0.964999	1	
163	0.77713	0.802362	0.826475	0.856875	0.900773	0.940831	0.965413	1	
164	0.779764	0.804699	0.828527	0.858567	0.901947	0.941531	0.965822	1	
165	0.782367	0.807007	0.830554	0.860239	0.903106	0.942222	0.966226	1	
166	0.784938	0.809288	0.832557	0.861891	0.904252	0.942905	0.966626	1	
167	0.78748	0.811543	0.834536	0.863524	0.905384	0.94358	0.96702	1	
168	0.789991	0.81377	0.836493	0.865138	0.906503	0.944248	0.96741	1	
169	0.792473	0.815972	0.838426	0.866732	0.907608	0.944907	0.967795	1	
170	0.794926	0.818147	0.840336	0.868308	0.9087	0.945558	0.968176	1	
171	0.79735	0.820297	0.842223	0.869865	0.90978	0.946202	0.968552	1	
172	0.799745	0.822421	0.844089	0.871403	0.910847	0.946838	0.968924	1	
173	0.802112	0.82452	0.845932	0.872924	0.911901	0.947467	0.969292	1	
174	0.80445	0.826595	0.847753	0.874426	0.912942	0.948088	0.969655	1	
175	0.806762	0.828645	0.849553	0.875911	0.913972	0.948702	0.970014	1	
176	0.809046	0.83067	0.851332	0.877378	0.914989	0.949308	0.970368	1	
177	0.811303	0.832672	0.853089	0.878828	0.915994	0.949907	0.970718	1	
178	0.813533	0.83465	0.854826	0.88026	0.916987	0.9505	0.971065	1	
179	0.815737	0.836605	0.856542	0.881676	0.917968	0.951085	0.971407	1	
180	0.817915	0.838536	0.858238	0.883075	0.918938	0.951663	0.971745	1	
181	0.820067	0.840445	0.859914	0.884457	0.919897	0.952235	0.972079	1	
182	0.822194	0.842331	0.86157	0.885823	0.920844	0.9528	0.972409	1	
183	0.824296	0.844195	0.863207	0.887173	0.92178	0.953358	0.972735	1	
184	0.826373	0.846037	0.864824	0.888507	0.922704	0.953909	0.973058	1	
185	0.828425	0.847857	0.866422	0.889825	0.923618	0.954454	0.973376	1	
186	0.830453	0.849656	0.868001	0.891127	0.924521	0.954992	0.973691	1	
187	0.832457	0.851433	0.869562	0.892415	0.925414	0.955525	0.974002	1	
188	0.834438	0.853189	0.871104	0.893687	0.926295	0.95605	0.974309	1	
189	0.836395	0.854925	0.872628	0.894943	0.927167	0.95657	0.974613	1	
190	0.838329	0.85664	0.874134	0.896185	0.928028	0.957083	0.974913	1	
191	0.84024	0.858335	0.875622	0.897413	0.928879	0.957591	0.97521	1	
192	0.842129	0.860009	0.877092	0.898626	0.92972	0.958092	0.975503	1	
193	0.843995	0.861664	0.878545	0.899824	0.930551	0.958588	0.975792	1	
194	0.845839	0.8633	0.879981	0.901008	0.931372	0.959077	0.976079	1	
195	0.847661	0.864916	0.8814	0.902179	0.932183	0.959561	0.976361	1	
196	0.849462	0.866513	0.882802	0.903335	0.932985	0.960039	0.976641	1	
197	0.851242	0.868091	0.884188	0.904478	0.933777	0.960512	0.976917	1	
198	0.853	0.86965	0.885557	0.905607	0.93456	0.960979	0.97719	1	
199	0.854738	0.871191	0.88691	0.906723	0.935334	0.96144	0.97746	1	
200	0.856455	0.872714	0.888247	0.907826	0.936098	0.961896	0.977726	1	
201	0.858152	0.874219	0.889568	0.908916	0.936854	0.962346	0.977989	1	
202	0.859829	0.875706	0.890873	0.909993	0.9376	0.962791	0.97825	1	
203	0.861486	0.877175	0.892163	0.911057	0.938338	0.963231	0.978507	1	
204	0.863124	0.878627	0.893438	0.912108	0.939067	0.963666	0.978761	1	
205	0.864742	0.880062	0.894698	0.913147	0.939787	0.964096	0.979012	1	
206	0.866341	0.88148	0.895943	0.914174	0.940499	0.96452	0.97926	1	
207	0.867921	0.882881	0.897173	0.915189	0.941203	0.964939	0.979505	1	
208	0.869482	0.884266	0.898389	0.916191	0.941898	0.965354	0.979748	1	
209	0.871025	0.885634	0.89959	0.917182	0.942585	0.965764	0.979987	1	
210	0.87255	0.886986	0.900777	0.918161	0.943263	0.966168	0.980224	1	
211	0.874057	0.888322	0.90195	0.919129	0.943934	0.966568	0.980457	1	
212	0.875546	0.889642	0.903109	0.920085	0.944597	0.966964	0.980689	1	
213	0.877017	0.890947	0.904255	0.92103	0.945252	0.967354	0.980917	1	
214	0.878471	0.892236	0.905387	0.921963	0.945899	0.96774	0.981142	1	
215	0.879907	0.89351	0.906505	0.922886	0.946539	0.968121	0.981365	1	
216	0.881327	0.894769	0.907611	0.923798	0.947171	0.968498	0.981586	1	
217	0.88273	0.896013	0.908703	0.924698	0.947795	0.968871	0.981803	1	
218	0.884117	0.897243	0.909782	0.925589	0.948413	0.969239	0.982019	1	
219	0.885486	0.898457	0.910849	0.926468	0.949022	0.969602	0.982231	1	
220	0.88684	0.899658	0.911903	0.927338	0.949625	0.969962	0.982441	1	
221	0.888178	0.900844	0.912944	0.928197	0.950221	0.970317	0.982649	1	
222	0.8895	0.902016	0.913973	0.929046	0.950809	0.970668	0.982854	1	
223	0.890806	0.903175	0.91499	0.929884	0.951391	0.971015	0.983057	1	
224	0.892097	0.904319	0.915995	0.930713	0.951965	0.971357	0.983257	1	
225	0.893373	0.905451	0.916989	0.931532	0.952533	0.971696	0.983455	1	
226	0.894633	0.906568	0.91797	0.932342	0.953094	0.972031	0.98365	1	
227	0.895879	0.907673	0.91894	0.933142	0.953649	0.972361	0.983844	1	
228	0.89711	0.908764	0.919898	0.933932	0.954197	0.972688	0.984035	1	
229	0.898326	0.909843	0.920845	0.934713	0.954738	0.973011	0.984223	1	
230	0.899528	0.910909	0.921781	0.935485	0.955274	0.97333	0.98441	1	
231	0.900716	0.911962	0.922706	0.936248	0.955802	0.973645	0.984594	1	
232	0.90189	0.913003	0.923619	0.937002	0.956325	0.973957	0.984776	1	
233	0.90305	0.914031	0.924522	0.937746	0.956841	0.974265	0.984956	1	
234	0.904196	0.915048	0.925415	0.938482	0.957351	0.974569	0.985134	1	
235	0.905329	0.916052	0.926296	0.93921	0.957856	0.97487	0.98531	1	
236	0.906448	0.917045	0.927168	0.939928	0.958354	0.975167	0.985484	1	
237	0.907554	0.918025	0.928029	0.940638	0.958846	0.97546	0.985655	1	
238	0.908647	0.918994	0.92888	0.94134	0.959333	0.97575	0.985825	1	
239	0.909727	0.919952	0.92972	0.942034	0.959814	0.976037	0.985992	1	
240	0.910794	0.920898	0.930551	0.942719	0.960289	0.97632	0.986158	1	
241	0.911848	0.921834	0.931372	0.943396	0.960758	0.9766	0.986322	1	
242	0.912891	0.922758	0.932184	0.944065	0.961222	0.976877	0.986483	1	
243	0.91392	0.923671	0.932985	0.944727	0.96168	0.97715	0.986643	1	
244	0.914938	0.924573	0.933778	0.94538	0.962133	0.97742	0.986801	1	
245	0.915944	0.925465	0.934561	0.946026	0.962581	0.977687	0.986957	1	
246	0.916937	0.926346	0.935334	0.946664	0.963024	0.977951	0.987111	1	
247	0.917919	0.927217	0.936099	0.947294	0.963461	0.978212	0.987264	1	
248	0.91889	0.928077	0.936854	0.947918	0.963893	0.978469	0.987414	1	
249	0.919849	0.928928	0.937601	0.948533	0.96432	0.978724	0.987563	1	
250	0.920796	0.929768	0.938338	0.949142	0.964741	0.978976	0.98771	1	
