nfactors = 3
dprob = [0.02, 0.08]
nobligors = 
[
250, 750, 500, 500, 750, 250; 
250, 750, 500, 500, 750, 250; 
250, 750, 500, 500, 750, 250; 
250, 750, 500, 500, 750, 250; 
250, 750, 500, 500, 750, 250; 
250, 750, 500, 500, 750, 250; 
250, 750, 500, 500, 750, 250; 
250, 750, 500, 500, 750, 250; 
250, 750, 500, 500, 750, 250; 
250, 750, 500, 500, 750, 250; 
250, 750, 500, 500, 750, 250; 
250, 750, 500, 500, 750, 250; 
250, 750, 500, 500, 750, 250; 
250, 750, 500, 500, 750, 250; 
250, 750, 500, 500, 750, 250; 
250, 750, 500, 500, 750, 250; 
250, 750, 500, 500, 750, 250; 
250, 750, 500, 500, 750, 250; 
250, 750, 500, 500, 750, 250; 
250, 750, 500, 500, 750, 250
]

ndefaults = 
[
23, 166, 26, 66, 21, 34; 
1, 42, 4, 49, 16, 20; 
2, 26, 2, 13, 14, 22; 
24, 190, 35, 84, 65, 50; 
2, 35, 8, 54, 3, 20; 
1, 28, 11, 42, 9, 16; 
0, 12, 6, 47, 7, 22; 
0, 1, 5, 23, 5, 13; 
1, 15, 3, 26, 5, 13; 
14, 146, 37, 94, 0, 5; 
4, 83, 8, 58, 12, 18; 
0, 38, 1, 15, 3, 5; 
0, 1, 1, 5, 0, 2; 
7, 115, 25, 96, 26, 28; 
1, 18, 4, 32, 20, 35; 
3, 47, 8, 36, 3, 8; 
3, 26, 2, 24, 0, 4; 
2, 53, 10, 47, 15, 15; 
1, 26, 0, 32, 0, 9; 
1, 20, 4, 32, 0, 19
]

/*
NU.init = 20
W.init = [0.4, 0.25, 0.3]
R.init = [0.5, 0.3, 0.4]
Z.init = 
[
-1.65053377770734, -1.15940771972846, -1.08857736325673; 
0.367086712788074, -0.265336515020934, 0.134977090296511; 
0.630074271689065, 1.46408050932156, -0.165297538203133; 
-1.03546267480921, -0.649673408866386, -1.01453316855824; 
0.756822049575818, -0.0124850535020333, 1.36199832271214; 
0.595682023761115, 0.0532926646214199, -0.00115924378508517; 
1.06770074079438, -0.67088934136528, 0.317039569036821; 
2.22924275778805, -0.24668578660549, -0.311876517361807; 
0.275749534474458, -0.446063886935675, -0.188596124475141; 
-1.77193934468664, -2.59197535852382, 2.05310373566698; 
-1.22545514063331, -1.81284893380352, -1.04184874506511; 
-1.49817939167356, -0.529904208695149, -0.917290385548996; 
2.10409576535594, 1.55991142933355, 1.62834404782193; 
-0.669217523440203, -1.46695279852596, -0.62608189284193; 
0.989933623817824, -0.0975694247464629, -1.27854126633249; 
-0.318059449304114, -0.326052585648282, 0.332606194930323; 
0.0891291460995764, 0.68890044024975, 0.933980262947487; 
0.544936370513589, 0.687890860333321, 0.70316214033073; 
0.120692031845835, 0.179150886095935, 0.818972458570221; 
0.651641944081129, 0.0959093510825428, 0.533949690523106
]
S.init = 
[
17.5195594611149; 
16.0167955942304; 
17.9641066739245; 
11.127179000725; 
13.4766034599507; 
17.9747140676932; 
20.6420690486551; 
23.4337840299136; 
26.6444137691493; 
20.3385273448592; 
25.4385373215081; 
35.3994253640621; 
28.1755751454774; 
14.7320700526551; 
18.7163112560127; 
22.2440953644994; 
24.5067306098074; 
13.881899520332; 
23.058463574822; 
21.0322653566583
]
*/

NU.param = 1.0
W.param = [0.01, 0.01, 0.01]
R.param = [0.1, 0.1, 0.1]
Z.param = 0.1
S.param = 1.0

NU.level = 0.234
W.level = [0.234, 0.234, 0.234]
R.level = [0.234, 0.234, 0.234]
Z.level = 0.44
S.level = 0.44
