
//----------------------------------------------------
// number of factors
// dim = 1 x 1
//----------------------------------------------------
nfactors = 4

//----------------------------------------------------
// 1-year default probabilities
// dim = 1 x NRATINGS
//----------------------------------------------------
dprobs = [0.05, 0.025, 0.03, 0.045]

//----------------------------------------------------
// number of obligors by sector-year-rating
// dim = NOBS x (NFACTORSxNRATINGS)
//----------------------------------------------------
nobligors = [
1000, 0, 0, 0, 0, 1000, 0, 0, 0, 0, 1000, 0, 0, 0, 0, 1000;
1000, 0, 0, 0, 0, 1000, 0, 0, 0, 0, 1000, 0, 0, 0, 0, 1000;
1000, 0, 0, 0, 0, 1000, 0, 0, 0, 0, 1000, 0, 0, 0, 0, 1000;
1000, 0, 0, 0, 0, 1000, 0, 0, 0, 0, 1000, 0, 0, 0, 0, 1000;
1000, 0, 0, 0, 0, 1000, 0, 0, 0, 0, 1000, 0, 0, 0, 0, 1000;
1000, 0, 0, 0, 0, 1000, 0, 0, 0, 0, 1000, 0, 0, 0, 0, 1000;
1000, 0, 0, 0, 0, 1000, 0, 0, 0, 0, 1000, 0, 0, 0, 0, 1000;
1000, 0, 0, 0, 0, 1000, 0, 0, 0, 0, 1000, 0, 0, 0, 0, 1000;
1000, 0, 0, 0, 0, 1000, 0, 0, 0, 0, 1000, 0, 0, 0, 0, 1000;
1000, 0, 0, 0, 0, 1000, 0, 0, 0, 0, 1000, 0, 0, 0, 0, 1000;
1000, 0, 0, 0, 0, 1000, 0, 0, 0, 0, 1000, 0, 0, 0, 0, 1000;
1000, 0, 0, 0, 0, 1000, 0, 0, 0, 0, 1000, 0, 0, 0, 0, 1000;
1000, 0, 0, 0, 0, 1000, 0, 0, 0, 0, 1000, 0, 0, 0, 0, 1000;
1000, 0, 0, 0, 0, 1000, 0, 0, 0, 0, 1000, 0, 0, 0, 0, 1000;
1000, 0, 0, 0, 0, 1000, 0, 0, 0, 0, 1000, 0, 0, 0, 0, 1000;
1000, 0, 0, 0, 0, 1000, 0, 0, 0, 0, 1000, 0, 0, 0, 0, 1000;
1000, 0, 0, 0, 0, 1000, 0, 0, 0, 0, 1000, 0, 0, 0, 0, 1000;
1000, 0, 0, 0, 0, 1000, 0, 0, 0, 0, 1000, 0, 0, 0, 0, 1000;
1000, 0, 0, 0, 0, 1000, 0, 0, 0, 0, 1000, 0, 0, 0, 0, 1000;
1000, 0, 0, 0, 0, 1000, 0, 0, 0, 0, 1000, 0, 0, 0, 0, 1000]

//----------------------------------------------------
// number of observed defaults by sector-year-rating
// dim = NOBS x (NFACTORSxNRATINGS)
//----------------------------------------------------
ndefaults = [
27, 0, 0, 0, 0, 24, 0, 0, 0, 0, 5, 0, 0, 0, 0, 4;
200, 0, 0, 0, 0, 61, 0, 0, 0, 0, 46, 0, 0, 0, 0, 4;
28, 0, 0, 0, 0, 9, 0, 0, 0, 0, 9, 0, 0, 0, 0, 21;
13, 0, 0, 0, 0, 2, 0, 0, 0, 0, 2, 0, 0, 0, 0, 0;
64, 0, 0, 0, 0, 12, 0, 0, 0, 0, 9, 0, 0, 0, 0, 9;
19, 0, 0, 0, 0, 20, 0, 0, 0, 0, 22, 0, 0, 0, 0, 41;
36, 0, 0, 0, 0, 2, 0, 0, 0, 0, 15, 0, 0, 0, 0, 1;
0, 0, 0, 0, 0, 1, 0, 0, 0, 0, 0, 0, 0, 0, 0, 0;
20, 0, 0, 0, 0, 4, 0, 0, 0, 0, 2, 0, 0, 0, 0, 1;
13, 0, 0, 0, 0, 3, 0, 0, 0, 0, 22, 0, 0, 0, 0, 35;
82, 0, 0, 0, 0, 65, 0, 0, 0, 0, 102, 0, 0, 0, 0, 2;
4, 0, 0, 0, 0, 0, 0, 0, 0, 0, 6, 0, 0, 0, 0, 1;
42, 0, 0, 0, 0, 8, 0, 0, 0, 0, 1, 0, 0, 0, 0, 0;
22, 0, 0, 0, 0, 2, 0, 0, 0, 0, 8, 0, 0, 0, 0, 0;
4, 0, 0, 0, 0, 3, 0, 0, 0, 0, 2, 0, 0, 0, 0, 0;
257, 0, 0, 0, 0, 145, 0, 0, 0, 0, 54, 0, 0, 0, 0, 636;
105, 0, 0, 0, 0, 77, 0, 0, 0, 0, 177, 0, 0, 0, 0, 230;
15, 0, 0, 0, 0, 9, 0, 0, 0, 0, 4, 0, 0, 0, 0, 1;
52, 0, 0, 0, 0, 3, 0, 0, 0, 0, 2, 0, 0, 0, 0, 25;
49, 0, 0, 0, 0, 19, 0, 0, 0, 0, 23, 0, 0, 0, 0, 441]

//----------------------------------------------------
// degres of freedom (t-Student parameter)
// dim = 1 x 1
// range = [2,inf)
//----------------------------------------------------
NU.init = 7

//----------------------------------------------------
// factor loadings
// dim = 1 x NFACTORS
// range = (0,1)
//----------------------------------------------------
W.init = [0.272372, 0.224232, 0.380719, 0.812991]

//----------------------------------------------------
// correlation values
// dim = 1 x (NFACTORSx(NFACTORS-1)/2)
// range = (-1,+1)
// 1-factors: none
// 2-factors: S12
// 3-factors: S12 S13 S23
// 4-factors: S12 S13 S14 S23 S24 S34
// etc.
//----------------------------------------------------
R.init = [-0.0973919, 0.0331618, 0.230274, 0.178709, 0.196838, 0.0845878]

//----------------------------------------------------
// Normal latent variables
// dim = NOBS x NFACTORS, or 1 x NFACTORS, or 1 x 1
// range = (-inf,+inf)
// obs: if only 1 row, then all obs share the same value
// obs: if only 1 value, then all obs and components share the same value
//----------------------------------------------------
Z.init = [0, 0, 0, 0]

//----------------------------------------------------
// Chi-squared latent variables
// dim = NOBS x 1, or 1 x 1
// range = (0,+inf)
// obs: if only 1 value, then all obs share the same value
//----------------------------------------------------
S.init = 7

//----------------------------------------------------
// Parameters to be tunned to achieve an 
// acceptance rate in range [25%-40%]
// Parameter values are in range (0,inf)
//----------------------------------------------------
NU.sigma = [0.1]
W.sigma = [0.0108724, 0.0148203, 0.0122298, 0.00565512]
R.sigma = [0.023917, 0.0301561, 0.0272508, 0.0290198, 0.0268338, 0.0347299]
Z.sigma = [0.1]
S.sigma = [0.5]

//----------------------------------------------------
// Desired acceptance rate
// Parameter values are in range (0,1)
//----------------------------------------------------
NU.level = [0.33]
W.level = [0.234, 0.234, 0.234, 0.234]
R.level = [0.6, 0.6, 0.6, 0.6, 0.6, 0.6]
Z.level = [0.44]
S.level = [0.44]

/*
  not update a component:
    - init = value
    - sigma = 0
    - level in [0,1]
  fix a param:
    - init [optional]
    - sigma > 0
    - level = 0
  auto update param:
    - init [optional]
    - sigma > 0
    - level in (0,1)
*/
