
//----------------------------------------------------
// number of factors
// dim = 1 x 1
//----------------------------------------------------
nfactors = [2]

//----------------------------------------------------
// 1-year default probabilities
// dim = 1 x NRATINGS
//----------------------------------------------------
dprobs = [0.05, 0.1, 0.2]

//----------------------------------------------------
// number of obligors by sector-year-rating
// dim = NOBS x (NFACTORSxNRATINGS)
//----------------------------------------------------
nobligors = [
167, 166, 167, 167, 167, 166;
167, 166, 167, 167, 167, 166;
167, 166, 167, 167, 167, 166;
167, 166, 167, 167, 167, 166;
167, 166, 167, 167, 167, 166;
167, 166, 167, 167, 167, 166;
167, 166, 167, 167, 167, 166;
167, 166, 167, 167, 167, 166;
167, 166, 167, 167, 167, 166;
167, 166, 167, 167, 167, 166;
167, 166, 167, 167, 167, 166;
167, 166, 167, 167, 167, 166;
167, 166, 167, 167, 167, 166;
167, 166, 167, 167, 167, 166;
167, 166, 167, 167, 167, 166;
167, 166, 167, 167, 167, 166;
167, 166, 167, 167, 167, 166;
167, 166, 167, 167, 167, 166;
167, 166, 167, 167, 167, 166;
167, 166, 167, 167, 167, 166;
167, 166, 167, 167, 167, 166;
167, 166, 167, 167, 167, 166;
167, 166, 167, 167, 167, 166;
167, 166, 167, 167, 167, 166;
167, 166, 167, 167, 167, 166;
167, 166, 167, 167, 167, 166;
167, 166, 167, 167, 167, 166;
167, 166, 167, 167, 167, 166;
167, 166, 167, 167, 167, 166;
167, 166, 167, 167, 167, 166;
167, 166, 167, 167, 167, 166;
167, 166, 167, 167, 167, 166;
167, 166, 167, 167, 167, 166;
167, 166, 167, 167, 167, 166;
167, 166, 167, 167, 167, 166;
167, 166, 167, 167, 167, 166;
167, 166, 167, 167, 167, 166;
167, 166, 167, 167, 167, 166;
167, 166, 167, 167, 167, 166;
167, 166, 167, 167, 167, 166;
167, 166, 167, 167, 167, 166;
167, 166, 167, 167, 167, 166;
167, 166, 167, 167, 167, 166;
167, 166, 167, 167, 167, 166;
167, 166, 167, 167, 167, 166;
167, 166, 167, 167, 167, 166;
167, 166, 167, 167, 167, 166;
167, 166, 167, 167, 167, 166;
167, 166, 167, 167, 167, 166;
167, 166, 167, 167, 167, 166;
167, 166, 167, 167, 167, 166;
167, 166, 167, 167, 167, 166;
167, 166, 167, 167, 167, 166;
167, 166, 167, 167, 167, 166;
167, 166, 167, 167, 167, 166;
167, 166, 167, 167, 167, 166;
167, 166, 167, 167, 167, 166;
167, 166, 167, 167, 167, 166;
167, 166, 167, 167, 167, 166;
167, 166, 167, 167, 167, 166;
167, 166, 167, 167, 167, 166;
167, 166, 167, 167, 167, 166;
167, 166, 167, 167, 167, 166;
167, 166, 167, 167, 167, 166;
167, 166, 167, 167, 167, 166;
167, 166, 167, 167, 167, 166;
167, 166, 167, 167, 167, 166;
167, 166, 167, 167, 167, 166;
167, 166, 167, 167, 167, 166;
167, 166, 167, 167, 167, 166;
167, 166, 167, 167, 167, 166;
167, 166, 167, 167, 167, 166;
167, 166, 167, 167, 167, 166;
167, 166, 167, 167, 167, 166;
167, 166, 167, 167, 167, 166;
167, 166, 167, 167, 167, 166;
167, 166, 167, 167, 167, 166;
167, 166, 167, 167, 167, 166;
167, 166, 167, 167, 167, 166;
167, 166, 167, 167, 167, 166;
167, 166, 167, 167, 167, 166;
167, 166, 167, 167, 167, 166;
167, 166, 167, 167, 167, 166;
167, 166, 167, 167, 167, 166;
167, 166, 167, 167, 167, 166;
167, 166, 167, 167, 167, 166;
167, 166, 167, 167, 167, 166;
167, 166, 167, 167, 167, 166;
167, 166, 167, 167, 167, 166;
167, 166, 167, 167, 167, 166;
167, 166, 167, 167, 167, 166;
167, 166, 167, 167, 167, 166;
167, 166, 167, 167, 167, 166;
167, 166, 167, 167, 167, 166;
167, 166, 167, 167, 167, 166;
167, 166, 167, 167, 167, 166;
167, 166, 167, 167, 167, 166;
167, 166, 167, 167, 167, 166;
167, 166, 167, 167, 167, 166;
167, 166, 167, 167, 167, 166;
167, 166, 167, 167, 167, 166;
167, 166, 167, 167, 167, 166;
167, 166, 167, 167, 167, 166;
167, 166, 167, 167, 167, 166;
167, 166, 167, 167, 167, 166;
167, 166, 167, 167, 167, 166;
167, 166, 167, 167, 167, 166;
167, 166, 167, 167, 167, 166;
167, 166, 167, 167, 167, 166;
167, 166, 167, 167, 167, 166;
167, 166, 167, 167, 167, 166;
167, 166, 167, 167, 167, 166;
167, 166, 167, 167, 167, 166;
167, 166, 167, 167, 167, 166;
167, 166, 167, 167, 167, 166;
167, 166, 167, 167, 167, 166;
167, 166, 167, 167, 167, 166;
167, 166, 167, 167, 167, 166;
167, 166, 167, 167, 167, 166;
167, 166, 167, 167, 167, 166;
167, 166, 167, 167, 167, 166;
167, 166, 167, 167, 167, 166;
167, 166, 167, 167, 167, 166;
167, 166, 167, 167, 167, 166;
167, 166, 167, 167, 167, 166;
167, 166, 167, 167, 167, 166;
167, 166, 167, 167, 167, 166;
167, 166, 167, 167, 167, 166;
167, 166, 167, 167, 167, 166;
167, 166, 167, 167, 167, 166;
167, 166, 167, 167, 167, 166;
167, 166, 167, 167, 167, 166;
167, 166, 167, 167, 167, 166;
167, 166, 167, 167, 167, 166;
167, 166, 167, 167, 167, 166;
167, 166, 167, 167, 167, 166;
167, 166, 167, 167, 167, 166;
167, 166, 167, 167, 167, 166;
167, 166, 167, 167, 167, 166;
167, 166, 167, 167, 167, 166;
167, 166, 167, 167, 167, 166;
167, 166, 167, 167, 167, 166;
167, 166, 167, 167, 167, 166;
167, 166, 167, 167, 167, 166;
167, 166, 167, 167, 167, 166;
167, 166, 167, 167, 167, 166;
167, 166, 167, 167, 167, 166;
167, 166, 167, 167, 167, 166;
167, 166, 167, 167, 167, 166;
167, 166, 167, 167, 167, 166;
167, 166, 167, 167, 167, 166;
167, 166, 167, 167, 167, 166;
167, 166, 167, 167, 167, 166;
167, 166, 167, 167, 167, 166;
167, 166, 167, 167, 167, 166;
167, 166, 167, 167, 167, 166;
167, 166, 167, 167, 167, 166;
167, 166, 167, 167, 167, 166;
167, 166, 167, 167, 167, 166;
167, 166, 167, 167, 167, 166;
167, 166, 167, 167, 167, 166;
167, 166, 167, 167, 167, 166;
167, 166, 167, 167, 167, 166;
167, 166, 167, 167, 167, 166;
167, 166, 167, 167, 167, 166;
167, 166, 167, 167, 167, 166;
167, 166, 167, 167, 167, 166;
167, 166, 167, 167, 167, 166;
167, 166, 167, 167, 167, 166;
167, 166, 167, 167, 167, 166;
167, 166, 167, 167, 167, 166;
167, 166, 167, 167, 167, 166;
167, 166, 167, 167, 167, 166;
167, 166, 167, 167, 167, 166;
167, 166, 167, 167, 167, 166;
167, 166, 167, 167, 167, 166;
167, 166, 167, 167, 167, 166;
167, 166, 167, 167, 167, 166;
167, 166, 167, 167, 167, 166;
167, 166, 167, 167, 167, 166;
167, 166, 167, 167, 167, 166;
167, 166, 167, 167, 167, 166;
167, 166, 167, 167, 167, 166;
167, 166, 167, 167, 167, 166;
167, 166, 167, 167, 167, 166;
167, 166, 167, 167, 167, 166;
167, 166, 167, 167, 167, 166;
167, 166, 167, 167, 167, 166;
167, 166, 167, 167, 167, 166;
167, 166, 167, 167, 167, 166;
167, 166, 167, 167, 167, 166;
167, 166, 167, 167, 167, 166;
167, 166, 167, 167, 167, 166;
167, 166, 167, 167, 167, 166;
167, 166, 167, 167, 167, 166;
167, 166, 167, 167, 167, 166;
167, 166, 167, 167, 167, 166;
167, 166, 167, 167, 167, 166;
167, 166, 167, 167, 167, 166;
167, 166, 167, 167, 167, 166;
167, 166, 167, 167, 167, 166;
167, 166, 167, 167, 167, 166;
167, 166, 167, 167, 167, 166;
167, 166, 167, 167, 167, 166;
167, 166, 167, 167, 167, 166;
167, 166, 167, 167, 167, 166;
167, 166, 167, 167, 167, 166;
167, 166, 167, 167, 167, 166;
167, 166, 167, 167, 167, 166;
167, 166, 167, 167, 167, 166;
167, 166, 167, 167, 167, 166;
167, 166, 167, 167, 167, 166;
167, 166, 167, 167, 167, 166;
167, 166, 167, 167, 167, 166;
167, 166, 167, 167, 167, 166;
167, 166, 167, 167, 167, 166;
167, 166, 167, 167, 167, 166;
167, 166, 167, 167, 167, 166;
167, 166, 167, 167, 167, 166;
167, 166, 167, 167, 167, 166;
167, 166, 167, 167, 167, 166;
167, 166, 167, 167, 167, 166;
167, 166, 167, 167, 167, 166;
167, 166, 167, 167, 167, 166;
167, 166, 167, 167, 167, 166;
167, 166, 167, 167, 167, 166;
167, 166, 167, 167, 167, 166;
167, 166, 167, 167, 167, 166;
167, 166, 167, 167, 167, 166;
167, 166, 167, 167, 167, 166;
167, 166, 167, 167, 167, 166;
167, 166, 167, 167, 167, 166;
167, 166, 167, 167, 167, 166;
167, 166, 167, 167, 167, 166;
167, 166, 167, 167, 167, 166;
167, 166, 167, 167, 167, 166;
167, 166, 167, 167, 167, 166;
167, 166, 167, 167, 167, 166;
167, 166, 167, 167, 167, 166;
167, 166, 167, 167, 167, 166;
167, 166, 167, 167, 167, 166;
167, 166, 167, 167, 167, 166;
167, 166, 167, 167, 167, 166;
167, 166, 167, 167, 167, 166;
167, 166, 167, 167, 167, 166;
167, 166, 167, 167, 167, 166;
167, 166, 167, 167, 167, 166;
167, 166, 167, 167, 167, 166;
167, 166, 167, 167, 167, 166;
167, 166, 167, 167, 167, 166;
167, 166, 167, 167, 167, 166;
167, 166, 167, 167, 167, 166;
167, 166, 167, 167, 167, 166;
167, 166, 167, 167, 167, 166;
167, 166, 167, 167, 167, 166;
167, 166, 167, 167, 167, 166;
167, 166, 167, 167, 167, 166;
167, 166, 167, 167, 167, 166;
167, 166, 167, 167, 167, 166;
167, 166, 167, 167, 167, 166;
167, 166, 167, 167, 167, 166;
167, 166, 167, 167, 167, 166;
167, 166, 167, 167, 167, 166;
167, 166, 167, 167, 167, 166;
167, 166, 167, 167, 167, 166;
167, 166, 167, 167, 167, 166;
167, 166, 167, 167, 167, 166;
167, 166, 167, 167, 167, 166;
167, 166, 167, 167, 167, 166;
167, 166, 167, 167, 167, 166;
167, 166, 167, 167, 167, 166;
167, 166, 167, 167, 167, 166;
167, 166, 167, 167, 167, 166;
167, 166, 167, 167, 167, 166;
167, 166, 167, 167, 167, 166;
167, 166, 167, 167, 167, 166;
167, 166, 167, 167, 167, 166;
167, 166, 167, 167, 167, 166;
167, 166, 167, 167, 167, 166;
167, 166, 167, 167, 167, 166;
167, 166, 167, 167, 167, 166;
167, 166, 167, 167, 167, 166;
167, 166, 167, 167, 167, 166;
167, 166, 167, 167, 167, 166;
167, 166, 167, 167, 167, 166;
167, 166, 167, 167, 167, 166;
167, 166, 167, 167, 167, 166;
167, 166, 167, 167, 167, 166;
167, 166, 167, 167, 167, 166;
167, 166, 167, 167, 167, 166;
167, 166, 167, 167, 167, 166;
167, 166, 167, 167, 167, 166;
167, 166, 167, 167, 167, 166;
167, 166, 167, 167, 167, 166;
167, 166, 167, 167, 167, 166;
167, 166, 167, 167, 167, 166;
167, 166, 167, 167, 167, 166;
167, 166, 167, 167, 167, 166;
167, 166, 167, 167, 167, 166;
167, 166, 167, 167, 167, 166;
167, 166, 167, 167, 167, 166;
167, 166, 167, 167, 167, 166;
167, 166, 167, 167, 167, 166;
167, 166, 167, 167, 167, 166;
167, 166, 167, 167, 167, 166;
167, 166, 167, 167, 167, 166;
167, 166, 167, 167, 167, 166;
167, 166, 167, 167, 167, 166;
167, 166, 167, 167, 167, 166;
167, 166, 167, 167, 167, 166;
167, 166, 167, 167, 167, 166;
167, 166, 167, 167, 167, 166;
167, 166, 167, 167, 167, 166;
167, 166, 167, 167, 167, 166;
167, 166, 167, 167, 167, 166;
167, 166, 167, 167, 167, 166;
167, 166, 167, 167, 167, 166;
167, 166, 167, 167, 167, 166;
167, 166, 167, 167, 167, 166;
167, 166, 167, 167, 167, 166;
167, 166, 167, 167, 167, 166;
167, 166, 167, 167, 167, 166;
167, 166, 167, 167, 167, 166;
167, 166, 167, 167, 167, 166;
167, 166, 167, 167, 167, 166;
167, 166, 167, 167, 167, 166;
167, 166, 167, 167, 167, 166;
167, 166, 167, 167, 167, 166;
167, 166, 167, 167, 167, 166;
167, 166, 167, 167, 167, 166;
167, 166, 167, 167, 167, 166;
167, 166, 167, 167, 167, 166;
167, 166, 167, 167, 167, 166;
167, 166, 167, 167, 167, 166;
167, 166, 167, 167, 167, 166;
167, 166, 167, 167, 167, 166;
167, 166, 167, 167, 167, 166;
167, 166, 167, 167, 167, 166;
167, 166, 167, 167, 167, 166;
167, 166, 167, 167, 167, 166;
167, 166, 167, 167, 167, 166;
167, 166, 167, 167, 167, 166;
167, 166, 167, 167, 167, 166;
167, 166, 167, 167, 167, 166;
167, 166, 167, 167, 167, 166;
167, 166, 167, 167, 167, 166;
167, 166, 167, 167, 167, 166;
167, 166, 167, 167, 167, 166;
167, 166, 167, 167, 167, 166;
167, 166, 167, 167, 167, 166;
167, 166, 167, 167, 167, 166;
167, 166, 167, 167, 167, 166;
167, 166, 167, 167, 167, 166;
167, 166, 167, 167, 167, 166;
167, 166, 167, 167, 167, 166;
167, 166, 167, 167, 167, 166;
167, 166, 167, 167, 167, 166;
167, 166, 167, 167, 167, 166;
167, 166, 167, 167, 167, 166;
167, 166, 167, 167, 167, 166;
167, 166, 167, 167, 167, 166;
167, 166, 167, 167, 167, 166;
167, 166, 167, 167, 167, 166;
167, 166, 167, 167, 167, 166;
167, 166, 167, 167, 167, 166;
167, 166, 167, 167, 167, 166;
167, 166, 167, 167, 167, 166;
167, 166, 167, 167, 167, 166;
167, 166, 167, 167, 167, 166;
167, 166, 167, 167, 167, 166;
167, 166, 167, 167, 167, 166;
167, 166, 167, 167, 167, 166;
167, 166, 167, 167, 167, 166;
167, 166, 167, 167, 167, 166;
167, 166, 167, 167, 167, 166;
167, 166, 167, 167, 167, 166;
167, 166, 167, 167, 167, 166;
167, 166, 167, 167, 167, 166;
167, 166, 167, 167, 167, 166;
167, 166, 167, 167, 167, 166;
167, 166, 167, 167, 167, 166;
167, 166, 167, 167, 167, 166;
167, 166, 167, 167, 167, 166;
167, 166, 167, 167, 167, 166;
167, 166, 167, 167, 167, 166;
167, 166, 167, 167, 167, 166;
167, 166, 167, 167, 167, 166;
167, 166, 167, 167, 167, 166;
167, 166, 167, 167, 167, 166;
167, 166, 167, 167, 167, 166;
167, 166, 167, 167, 167, 166;
167, 166, 167, 167, 167, 166;
167, 166, 167, 167, 167, 166;
167, 166, 167, 167, 167, 166;
167, 166, 167, 167, 167, 166;
167, 166, 167, 167, 167, 166;
167, 166, 167, 167, 167, 166;
167, 166, 167, 167, 167, 166;
167, 166, 167, 167, 167, 166;
167, 166, 167, 167, 167, 166;
167, 166, 167, 167, 167, 166;
167, 166, 167, 167, 167, 166;
167, 166, 167, 167, 167, 166;
167, 166, 167, 167, 167, 166;
167, 166, 167, 167, 167, 166;
167, 166, 167, 167, 167, 166;
167, 166, 167, 167, 167, 166;
167, 166, 167, 167, 167, 166;
167, 166, 167, 167, 167, 166;
167, 166, 167, 167, 167, 166;
167, 166, 167, 167, 167, 166;
167, 166, 167, 167, 167, 166;
167, 166, 167, 167, 167, 166;
167, 166, 167, 167, 167, 166;
167, 166, 167, 167, 167, 166;
167, 166, 167, 167, 167, 166;
167, 166, 167, 167, 167, 166;
167, 166, 167, 167, 167, 166;
167, 166, 167, 167, 167, 166;
167, 166, 167, 167, 167, 166;
167, 166, 167, 167, 167, 166;
167, 166, 167, 167, 167, 166;
167, 166, 167, 167, 167, 166;
167, 166, 167, 167, 167, 166;
167, 166, 167, 167, 167, 166;
167, 166, 167, 167, 167, 166;
167, 166, 167, 167, 167, 166;
167, 166, 167, 167, 167, 166;
167, 166, 167, 167, 167, 166;
167, 166, 167, 167, 167, 166;
167, 166, 167, 167, 167, 166;
167, 166, 167, 167, 167, 166;
167, 166, 167, 167, 167, 166;
167, 166, 167, 167, 167, 166;
167, 166, 167, 167, 167, 166;
167, 166, 167, 167, 167, 166;
167, 166, 167, 167, 167, 166;
167, 166, 167, 167, 167, 166;
167, 166, 167, 167, 167, 166;
167, 166, 167, 167, 167, 166;
167, 166, 167, 167, 167, 166;
167, 166, 167, 167, 167, 166;
167, 166, 167, 167, 167, 166;
167, 166, 167, 167, 167, 166;
167, 166, 167, 167, 167, 166;
167, 166, 167, 167, 167, 166;
167, 166, 167, 167, 167, 166;
167, 166, 167, 167, 167, 166;
167, 166, 167, 167, 167, 166;
167, 166, 167, 167, 167, 166;
167, 166, 167, 167, 167, 166;
167, 166, 167, 167, 167, 166;
167, 166, 167, 167, 167, 166;
167, 166, 167, 167, 167, 166;
167, 166, 167, 167, 167, 166;
167, 166, 167, 167, 167, 166;
167, 166, 167, 167, 167, 166;
167, 166, 167, 167, 167, 166;
167, 166, 167, 167, 167, 166;
167, 166, 167, 167, 167, 166;
167, 166, 167, 167, 167, 166;
167, 166, 167, 167, 167, 166;
167, 166, 167, 167, 167, 166;
167, 166, 167, 167, 167, 166;
167, 166, 167, 167, 167, 166;
167, 166, 167, 167, 167, 166;
167, 166, 167, 167, 167, 166;
167, 166, 167, 167, 167, 166;
167, 166, 167, 167, 167, 166;
167, 166, 167, 167, 167, 166;
167, 166, 167, 167, 167, 166;
167, 166, 167, 167, 167, 166;
167, 166, 167, 167, 167, 166;
167, 166, 167, 167, 167, 166;
167, 166, 167, 167, 167, 166;
167, 166, 167, 167, 167, 166;
167, 166, 167, 167, 167, 166;
167, 166, 167, 167, 167, 166;
167, 166, 167, 167, 167, 166;
167, 166, 167, 167, 167, 166;
167, 166, 167, 167, 167, 166;
167, 166, 167, 167, 167, 166;
167, 166, 167, 167, 167, 166;
167, 166, 167, 167, 167, 166;
167, 166, 167, 167, 167, 166;
167, 166, 167, 167, 167, 166;
167, 166, 167, 167, 167, 166;
167, 166, 167, 167, 167, 166;
167, 166, 167, 167, 167, 166;
167, 166, 167, 167, 167, 166;
167, 166, 167, 167, 167, 166;
167, 166, 167, 167, 167, 166;
167, 166, 167, 167, 167, 166;
167, 166, 167, 167, 167, 166;
167, 166, 167, 167, 167, 166;
167, 166, 167, 167, 167, 166;
167, 166, 167, 167, 167, 166;
167, 166, 167, 167, 167, 166;
167, 166, 167, 167, 167, 166;
167, 166, 167, 167, 167, 166;
167, 166, 167, 167, 167, 166;
167, 166, 167, 167, 167, 166;
167, 166, 167, 167, 167, 166;
167, 166, 167, 167, 167, 166;
167, 166, 167, 167, 167, 166;
167, 166, 167, 167, 167, 166;
167, 166, 167, 167, 167, 166;
167, 166, 167, 167, 167, 166;
167, 166, 167, 167, 167, 166;
167, 166, 167, 167, 167, 166;
167, 166, 167, 167, 167, 166;
167, 166, 167, 167, 167, 166;
167, 166, 167, 167, 167, 166;
167, 166, 167, 167, 167, 166;
167, 166, 167, 167, 167, 166;
167, 166, 167, 167, 167, 166;
167, 166, 167, 167, 167, 166;
167, 166, 167, 167, 167, 166;
167, 166, 167, 167, 167, 166;
167, 166, 167, 167, 167, 166;
167, 166, 167, 167, 167, 166;
167, 166, 167, 167, 167, 166;
167, 166, 167, 167, 167, 166;
167, 166, 167, 167, 167, 166;
167, 166, 167, 167, 167, 166;
167, 166, 167, 167, 167, 166;
167, 166, 167, 167, 167, 166;
167, 166, 167, 167, 167, 166;
167, 166, 167, 167, 167, 166;
167, 166, 167, 167, 167, 166;
167, 166, 167, 167, 167, 166;
167, 166, 167, 167, 167, 166;
167, 166, 167, 167, 167, 166;
167, 166, 167, 167, 167, 166;
167, 166, 167, 167, 167, 166;
167, 166, 167, 167, 167, 166;
167, 166, 167, 167, 167, 166;
167, 166, 167, 167, 167, 166;
167, 166, 167, 167, 167, 166;
167, 166, 167, 167, 167, 166;
167, 166, 167, 167, 167, 166;
167, 166, 167, 167, 167, 166;
167, 166, 167, 167, 167, 166;
167, 166, 167, 167, 167, 166;
167, 166, 167, 167, 167, 166;
167, 166, 167, 167, 167, 166;
167, 166, 167, 167, 167, 166;
167, 166, 167, 167, 167, 166;
167, 166, 167, 167, 167, 166;
167, 166, 167, 167, 167, 166;
167, 166, 167, 167, 167, 166;
167, 166, 167, 167, 167, 166;
167, 166, 167, 167, 167, 166;
167, 166, 167, 167, 167, 166;
167, 166, 167, 167, 167, 166;
167, 166, 167, 167, 167, 166;
167, 166, 167, 167, 167, 166;
167, 166, 167, 167, 167, 166;
167, 166, 167, 167, 167, 166;
167, 166, 167, 167, 167, 166;
167, 166, 167, 167, 167, 166;
167, 166, 167, 167, 167, 166;
167, 166, 167, 167, 167, 166;
167, 166, 167, 167, 167, 166;
167, 166, 167, 167, 167, 166;
167, 166, 167, 167, 167, 166;
167, 166, 167, 167, 167, 166;
167, 166, 167, 167, 167, 166;
167, 166, 167, 167, 167, 166;
167, 166, 167, 167, 167, 166;
167, 166, 167, 167, 167, 166;
167, 166, 167, 167, 167, 166;
167, 166, 167, 167, 167, 166;
167, 166, 167, 167, 167, 166;
167, 166, 167, 167, 167, 166;
167, 166, 167, 167, 167, 166;
167, 166, 167, 167, 167, 166;
167, 166, 167, 167, 167, 166;
167, 166, 167, 167, 167, 166;
167, 166, 167, 167, 167, 166;
167, 166, 167, 167, 167, 166;
167, 166, 167, 167, 167, 166;
167, 166, 167, 167, 167, 166;
167, 166, 167, 167, 167, 166;
167, 166, 167, 167, 167, 166;
167, 166, 167, 167, 167, 166;
167, 166, 167, 167, 167, 166;
167, 166, 167, 167, 167, 166;
167, 166, 167, 167, 167, 166;
167, 166, 167, 167, 167, 166;
167, 166, 167, 167, 167, 166;
167, 166, 167, 167, 167, 166;
167, 166, 167, 167, 167, 166;
167, 166, 167, 167, 167, 166;
167, 166, 167, 167, 167, 166;
167, 166, 167, 167, 167, 166;
167, 166, 167, 167, 167, 166;
167, 166, 167, 167, 167, 166;
167, 166, 167, 167, 167, 166;
167, 166, 167, 167, 167, 166;
167, 166, 167, 167, 167, 166;
167, 166, 167, 167, 167, 166;
167, 166, 167, 167, 167, 166;
167, 166, 167, 167, 167, 166;
167, 166, 167, 167, 167, 166;
167, 166, 167, 167, 167, 166;
167, 166, 167, 167, 167, 166;
167, 166, 167, 167, 167, 166;
167, 166, 167, 167, 167, 166;
167, 166, 167, 167, 167, 166;
167, 166, 167, 167, 167, 166;
167, 166, 167, 167, 167, 166;
167, 166, 167, 167, 167, 166;
167, 166, 167, 167, 167, 166;
167, 166, 167, 167, 167, 166;
167, 166, 167, 167, 167, 166;
167, 166, 167, 167, 167, 166;
167, 166, 167, 167, 167, 166;
167, 166, 167, 167, 167, 166;
167, 166, 167, 167, 167, 166;
167, 166, 167, 167, 167, 166;
167, 166, 167, 167, 167, 166;
167, 166, 167, 167, 167, 166;
167, 166, 167, 167, 167, 166;
167, 166, 167, 167, 167, 166;
167, 166, 167, 167, 167, 166;
167, 166, 167, 167, 167, 166;
167, 166, 167, 167, 167, 166;
167, 166, 167, 167, 167, 166;
167, 166, 167, 167, 167, 166;
167, 166, 167, 167, 167, 166;
167, 166, 167, 167, 167, 166;
167, 166, 167, 167, 167, 166;
167, 166, 167, 167, 167, 166;
167, 166, 167, 167, 167, 166;
167, 166, 167, 167, 167, 166;
167, 166, 167, 167, 167, 166;
167, 166, 167, 167, 167, 166;
167, 166, 167, 167, 167, 166;
167, 166, 167, 167, 167, 166;
167, 166, 167, 167, 167, 166;
167, 166, 167, 167, 167, 166;
167, 166, 167, 167, 167, 166;
167, 166, 167, 167, 167, 166;
167, 166, 167, 167, 167, 166;
167, 166, 167, 167, 167, 166;
167, 166, 167, 167, 167, 166;
167, 166, 167, 167, 167, 166;
167, 166, 167, 167, 167, 166;
167, 166, 167, 167, 167, 166;
167, 166, 167, 167, 167, 166;
167, 166, 167, 167, 167, 166;
167, 166, 167, 167, 167, 166;
167, 166, 167, 167, 167, 166;
167, 166, 167, 167, 167, 166;
167, 166, 167, 167, 167, 166;
167, 166, 167, 167, 167, 166;
167, 166, 167, 167, 167, 166;
167, 166, 167, 167, 167, 166;
167, 166, 167, 167, 167, 166;
167, 166, 167, 167, 167, 166;
167, 166, 167, 167, 167, 166;
167, 166, 167, 167, 167, 166;
167, 166, 167, 167, 167, 166;
167, 166, 167, 167, 167, 166;
167, 166, 167, 167, 167, 166;
167, 166, 167, 167, 167, 166;
167, 166, 167, 167, 167, 166;
167, 166, 167, 167, 167, 166;
167, 166, 167, 167, 167, 166;
167, 166, 167, 167, 167, 166;
167, 166, 167, 167, 167, 166;
167, 166, 167, 167, 167, 166;
167, 166, 167, 167, 167, 166;
167, 166, 167, 167, 167, 166;
167, 166, 167, 167, 167, 166;
167, 166, 167, 167, 167, 166;
167, 166, 167, 167, 167, 166;
167, 166, 167, 167, 167, 166;
167, 166, 167, 167, 167, 166;
167, 166, 167, 167, 167, 166;
167, 166, 167, 167, 167, 166;
167, 166, 167, 167, 167, 166;
167, 166, 167, 167, 167, 166;
167, 166, 167, 167, 167, 166;
167, 166, 167, 167, 167, 166;
167, 166, 167, 167, 167, 166;
167, 166, 167, 167, 167, 166;
167, 166, 167, 167, 167, 166;
167, 166, 167, 167, 167, 166;
167, 166, 167, 167, 167, 166;
167, 166, 167, 167, 167, 166;
167, 166, 167, 167, 167, 166;
167, 166, 167, 167, 167, 166;
167, 166, 167, 167, 167, 166;
167, 166, 167, 167, 167, 166;
167, 166, 167, 167, 167, 166;
167, 166, 167, 167, 167, 166;
167, 166, 167, 167, 167, 166;
167, 166, 167, 167, 167, 166;
167, 166, 167, 167, 167, 166;
167, 166, 167, 167, 167, 166;
167, 166, 167, 167, 167, 166;
167, 166, 167, 167, 167, 166;
167, 166, 167, 167, 167, 166;
167, 166, 167, 167, 167, 166;
167, 166, 167, 167, 167, 166;
167, 166, 167, 167, 167, 166;
167, 166, 167, 167, 167, 166;
167, 166, 167, 167, 167, 166;
167, 166, 167, 167, 167, 166;
167, 166, 167, 167, 167, 166;
167, 166, 167, 167, 167, 166;
167, 166, 167, 167, 167, 166;
167, 166, 167, 167, 167, 166;
167, 166, 167, 167, 167, 166;
167, 166, 167, 167, 167, 166;
167, 166, 167, 167, 167, 166;
167, 166, 167, 167, 167, 166;
167, 166, 167, 167, 167, 166;
167, 166, 167, 167, 167, 166;
167, 166, 167, 167, 167, 166;
167, 166, 167, 167, 167, 166;
167, 166, 167, 167, 167, 166;
167, 166, 167, 167, 167, 166;
167, 166, 167, 167, 167, 166;
167, 166, 167, 167, 167, 166;
167, 166, 167, 167, 167, 166;
167, 166, 167, 167, 167, 166;
167, 166, 167, 167, 167, 166;
167, 166, 167, 167, 167, 166;
167, 166, 167, 167, 167, 166;
167, 166, 167, 167, 167, 166;
167, 166, 167, 167, 167, 166;
167, 166, 167, 167, 167, 166;
167, 166, 167, 167, 167, 166;
167, 166, 167, 167, 167, 166;
167, 166, 167, 167, 167, 166;
167, 166, 167, 167, 167, 166;
167, 166, 167, 167, 167, 166;
167, 166, 167, 167, 167, 166;
167, 166, 167, 167, 167, 166;
167, 166, 167, 167, 167, 166;
167, 166, 167, 167, 167, 166;
167, 166, 167, 167, 167, 166;
167, 166, 167, 167, 167, 166;
167, 166, 167, 167, 167, 166;
167, 166, 167, 167, 167, 166;
167, 166, 167, 167, 167, 166;
167, 166, 167, 167, 167, 166;
167, 166, 167, 167, 167, 166;
167, 166, 167, 167, 167, 166;
167, 166, 167, 167, 167, 166;
167, 166, 167, 167, 167, 166;
167, 166, 167, 167, 167, 166;
167, 166, 167, 167, 167, 166;
167, 166, 167, 167, 167, 166;
167, 166, 167, 167, 167, 166;
167, 166, 167, 167, 167, 166;
167, 166, 167, 167, 167, 166;
167, 166, 167, 167, 167, 166;
167, 166, 167, 167, 167, 166;
167, 166, 167, 167, 167, 166;
167, 166, 167, 167, 167, 166;
167, 166, 167, 167, 167, 166;
167, 166, 167, 167, 167, 166;
167, 166, 167, 167, 167, 166;
167, 166, 167, 167, 167, 166;
167, 166, 167, 167, 167, 166;
167, 166, 167, 167, 167, 166;
167, 166, 167, 167, 167, 166;
167, 166, 167, 167, 167, 166;
167, 166, 167, 167, 167, 166;
167, 166, 167, 167, 167, 166;
167, 166, 167, 167, 167, 166;
167, 166, 167, 167, 167, 166;
167, 166, 167, 167, 167, 166;
167, 166, 167, 167, 167, 166;
167, 166, 167, 167, 167, 166;
167, 166, 167, 167, 167, 166;
167, 166, 167, 167, 167, 166;
167, 166, 167, 167, 167, 166;
167, 166, 167, 167, 167, 166;
167, 166, 167, 167, 167, 166;
167, 166, 167, 167, 167, 166;
167, 166, 167, 167, 167, 166;
167, 166, 167, 167, 167, 166;
167, 166, 167, 167, 167, 166;
167, 166, 167, 167, 167, 166;
167, 166, 167, 167, 167, 166;
167, 166, 167, 167, 167, 166;
167, 166, 167, 167, 167, 166;
167, 166, 167, 167, 167, 166;
167, 166, 167, 167, 167, 166;
167, 166, 167, 167, 167, 166;
167, 166, 167, 167, 167, 166;
167, 166, 167, 167, 167, 166;
167, 166, 167, 167, 167, 166;
167, 166, 167, 167, 167, 166;
167, 166, 167, 167, 167, 166;
167, 166, 167, 167, 167, 166;
167, 166, 167, 167, 167, 166;
167, 166, 167, 167, 167, 166;
167, 166, 167, 167, 167, 166;
167, 166, 167, 167, 167, 166;
167, 166, 167, 167, 167, 166;
167, 166, 167, 167, 167, 166;
167, 166, 167, 167, 167, 166;
167, 166, 167, 167, 167, 166;
167, 166, 167, 167, 167, 166;
167, 166, 167, 167, 167, 166;
167, 166, 167, 167, 167, 166;
167, 166, 167, 167, 167, 166;
167, 166, 167, 167, 167, 166;
167, 166, 167, 167, 167, 166;
167, 166, 167, 167, 167, 166;
167, 166, 167, 167, 167, 166;
167, 166, 167, 167, 167, 166;
167, 166, 167, 167, 167, 166;
167, 166, 167, 167, 167, 166;
167, 166, 167, 167, 167, 166;
167, 166, 167, 167, 167, 166;
167, 166, 167, 167, 167, 166;
167, 166, 167, 167, 167, 166;
167, 166, 167, 167, 167, 166;
167, 166, 167, 167, 167, 166;
167, 166, 167, 167, 167, 166;
167, 166, 167, 167, 167, 166;
167, 166, 167, 167, 167, 166;
167, 166, 167, 167, 167, 166;
167, 166, 167, 167, 167, 166;
167, 166, 167, 167, 167, 166;
167, 166, 167, 167, 167, 166;
167, 166, 167, 167, 167, 166;
167, 166, 167, 167, 167, 166;
167, 166, 167, 167, 167, 166;
167, 166, 167, 167, 167, 166;
167, 166, 167, 167, 167, 166;
167, 166, 167, 167, 167, 166;
167, 166, 167, 167, 167, 166;
167, 166, 167, 167, 167, 166;
167, 166, 167, 167, 167, 166;
167, 166, 167, 167, 167, 166;
167, 166, 167, 167, 167, 166;
167, 166, 167, 167, 167, 166;
167, 166, 167, 167, 167, 166;
167, 166, 167, 167, 167, 166;
167, 166, 167, 167, 167, 166;
167, 166, 167, 167, 167, 166;
167, 166, 167, 167, 167, 166;
167, 166, 167, 167, 167, 166;
167, 166, 167, 167, 167, 166;
167, 166, 167, 167, 167, 166;
167, 166, 167, 167, 167, 166;
167, 166, 167, 167, 167, 166;
167, 166, 167, 167, 167, 166;
167, 166, 167, 167, 167, 166;
167, 166, 167, 167, 167, 166;
167, 166, 167, 167, 167, 166;
167, 166, 167, 167, 167, 166;
167, 166, 167, 167, 167, 166;
167, 166, 167, 167, 167, 166;
167, 166, 167, 167, 167, 166;
167, 166, 167, 167, 167, 166;
167, 166, 167, 167, 167, 166;
167, 166, 167, 167, 167, 166;
167, 166, 167, 167, 167, 166;
167, 166, 167, 167, 167, 166;
167, 166, 167, 167, 167, 166;
167, 166, 167, 167, 167, 166;
167, 166, 167, 167, 167, 166;
167, 166, 167, 167, 167, 166;
167, 166, 167, 167, 167, 166;
167, 166, 167, 167, 167, 166;
167, 166, 167, 167, 167, 166;
167, 166, 167, 167, 167, 166;
167, 166, 167, 167, 167, 166;
167, 166, 167, 167, 167, 166;
167, 166, 167, 167, 167, 166;
167, 166, 167, 167, 167, 166;
167, 166, 167, 167, 167, 166;
167, 166, 167, 167, 167, 166;
167, 166, 167, 167, 167, 166;
167, 166, 167, 167, 167, 166;
167, 166, 167, 167, 167, 166;
167, 166, 167, 167, 167, 166;
167, 166, 167, 167, 167, 166;
167, 166, 167, 167, 167, 166;
167, 166, 167, 167, 167, 166;
167, 166, 167, 167, 167, 166;
167, 166, 167, 167, 167, 166;
167, 166, 167, 167, 167, 166;
167, 166, 167, 167, 167, 166;
167, 166, 167, 167, 167, 166;
167, 166, 167, 167, 167, 166;
167, 166, 167, 167, 167, 166;
167, 166, 167, 167, 167, 166;
167, 166, 167, 167, 167, 166;
167, 166, 167, 167, 167, 166;
167, 166, 167, 167, 167, 166;
167, 166, 167, 167, 167, 166;
167, 166, 167, 167, 167, 166;
167, 166, 167, 167, 167, 166;
167, 166, 167, 167, 167, 166;
167, 166, 167, 167, 167, 166;
167, 166, 167, 167, 167, 166;
167, 166, 167, 167, 167, 166;
167, 166, 167, 167, 167, 166;
167, 166, 167, 167, 167, 166;
167, 166, 167, 167, 167, 166;
167, 166, 167, 167, 167, 166;
167, 166, 167, 167, 167, 166;
167, 166, 167, 167, 167, 166;
167, 166, 167, 167, 167, 166;
167, 166, 167, 167, 167, 166;
167, 166, 167, 167, 167, 166;
167, 166, 167, 167, 167, 166;
167, 166, 167, 167, 167, 166;
167, 166, 167, 167, 167, 166;
167, 166, 167, 167, 167, 166;
167, 166, 167, 167, 167, 166;
167, 166, 167, 167, 167, 166;
167, 166, 167, 167, 167, 166;
167, 166, 167, 167, 167, 166;
167, 166, 167, 167, 167, 166;
167, 166, 167, 167, 167, 166;
167, 166, 167, 167, 167, 166;
167, 166, 167, 167, 167, 166;
167, 166, 167, 167, 167, 166;
167, 166, 167, 167, 167, 166;
167, 166, 167, 167, 167, 166;
167, 166, 167, 167, 167, 166;
167, 166, 167, 167, 167, 166;
167, 166, 167, 167, 167, 166;
167, 166, 167, 167, 167, 166;
167, 166, 167, 167, 167, 166;
167, 166, 167, 167, 167, 166;
167, 166, 167, 167, 167, 166;
167, 166, 167, 167, 167, 166;
167, 166, 167, 167, 167, 166;
167, 166, 167, 167, 167, 166;
167, 166, 167, 167, 167, 166;
167, 166, 167, 167, 167, 166;
167, 166, 167, 167, 167, 166;
167, 166, 167, 167, 167, 166;
167, 166, 167, 167, 167, 166;
167, 166, 167, 167, 167, 166;
167, 166, 167, 167, 167, 166;
167, 166, 167, 167, 167, 166;
167, 166, 167, 167, 167, 166;
167, 166, 167, 167, 167, 166;
167, 166, 167, 167, 167, 166;
167, 166, 167, 167, 167, 166;
167, 166, 167, 167, 167, 166;
167, 166, 167, 167, 167, 166;
167, 166, 167, 167, 167, 166;
167, 166, 167, 167, 167, 166;
167, 166, 167, 167, 167, 166;
167, 166, 167, 167, 167, 166;
167, 166, 167, 167, 167, 166;
167, 166, 167, 167, 167, 166;
167, 166, 167, 167, 167, 166;
167, 166, 167, 167, 167, 166;
167, 166, 167, 167, 167, 166;
167, 166, 167, 167, 167, 166;
167, 166, 167, 167, 167, 166;
167, 166, 167, 167, 167, 166;
167, 166, 167, 167, 167, 166;
167, 166, 167, 167, 167, 166;
167, 166, 167, 167, 167, 166;
167, 166, 167, 167, 167, 166;
167, 166, 167, 167, 167, 166;
167, 166, 167, 167, 167, 166;
167, 166, 167, 167, 167, 166;
167, 166, 167, 167, 167, 166;
167, 166, 167, 167, 167, 166;
167, 166, 167, 167, 167, 166;
167, 166, 167, 167, 167, 166;
167, 166, 167, 167, 167, 166;
167, 166, 167, 167, 167, 166;
167, 166, 167, 167, 167, 166;
167, 166, 167, 167, 167, 166;
167, 166, 167, 167, 167, 166;
167, 166, 167, 167, 167, 166;
167, 166, 167, 167, 167, 166;
167, 166, 167, 167, 167, 166;
167, 166, 167, 167, 167, 166;
167, 166, 167, 167, 167, 166;
167, 166, 167, 167, 167, 166;
167, 166, 167, 167, 167, 166;
167, 166, 167, 167, 167, 166;
167, 166, 167, 167, 167, 166;
167, 166, 167, 167, 167, 166;
167, 166, 167, 167, 167, 166;
167, 166, 167, 167, 167, 166;
167, 166, 167, 167, 167, 166;
167, 166, 167, 167, 167, 166;
167, 166, 167, 167, 167, 166;
167, 166, 167, 167, 167, 166;
167, 166, 167, 167, 167, 166;
]

//----------------------------------------------------
// number of observed defaults by sector-year-rating
// dim = NOBS x (NFACTORSxNRATINGS)
//----------------------------------------------------
ndefaults = [
1, 2, 13, 19, 23, 60;
5, 11, 12, 4, 9, 24;
1, 8, 17, 9, 26, 49;
7, 10, 29, 1, 3, 15;
1, 7, 11, 5, 5, 8;
1, 7, 16, 20, 43, 60;
1, 6, 15, 4, 8, 21;
1, 5, 19, 2, 11, 32;
3, 16, 31, 0, 1, 12;
25, 32, 62, 14, 22, 41;
14, 30, 39, 10, 8, 26;
2, 6, 26, 2, 9, 20;
14, 21, 58, 8, 18, 29;
1, 12, 20, 2, 3, 12;
4, 7, 19, 2, 2, 11;
3, 3, 23, 0, 5, 15;
4, 10, 29, 1, 10, 34;
23, 33, 45, 4, 9, 18;
0, 0, 1, 0, 2, 12;
3, 9, 21, 7, 15, 36;
15, 34, 53, 15, 23, 51;
16, 23, 52, 4, 4, 20;
1, 6, 11, 7, 16, 29;
2, 7, 20, 1, 10, 17;
7, 23, 42, 0, 4, 13;
6, 11, 32, 1, 5, 27;
8, 16, 38, 7, 19, 28;
14, 16, 45, 22, 28, 52;
0, 2, 29, 2, 7, 18;
21, 59, 84, 6, 15, 34;
2, 5, 11, 1, 1, 8;
0, 0, 3, 1, 5, 15;
2, 6, 19, 8, 15, 26;
4, 7, 12, 4, 12, 28;
3, 1, 9, 22, 34, 49;
28, 60, 95, 4, 23, 47;
20, 41, 59, 8, 18, 21;
1, 1, 12, 8, 20, 55;
6, 8, 33, 0, 1, 5;
1, 3, 20, 0, 1, 11;
76, 85, 95, 77, 89, 92;
1, 3, 7, 3, 5, 26;
8, 21, 38, 7, 14, 31;
17, 21, 49, 8, 15, 26;
0, 2, 15, 2, 6, 10;
8, 15, 46, 5, 24, 57;
0, 1, 3, 11, 21, 65;
1, 5, 6, 1, 3, 6;
2, 7, 27, 5, 30, 40;
1, 0, 7, 1, 9, 32;
13, 45, 56, 12, 12, 38;
13, 8, 27, 8, 7, 32;
13, 25, 57, 8, 17, 43;
7, 8, 36, 6, 29, 44;
11, 23, 43, 18, 44, 70;
6, 12, 38, 5, 21, 35;
9, 20, 36, 5, 17, 27;
6, 9, 21, 28, 47, 71;
1, 25, 47, 2, 3, 23;
7, 9, 28, 3, 8, 21;
0, 3, 11, 18, 23, 48;
0, 1, 10, 0, 1, 7;
69, 100, 114, 39, 37, 77;
16, 29, 46, 16, 35, 56;
19, 32, 57, 4, 6, 23;
10, 19, 43, 15, 25, 49;
7, 12, 42, 15, 36, 62;
2, 6, 11, 24, 38, 67;
10, 17, 24, 5, 4, 13;
0, 3, 13, 7, 15, 45;
0, 0, 6, 12, 18, 47;
4, 21, 35, 2, 11, 31;
14, 39, 60, 12, 24, 47;
12, 23, 46, 5, 14, 23;
2, 15, 31, 2, 5, 15;
10, 23, 35, 7, 22, 34;
5, 10, 38, 8, 21, 37;
5, 6, 9, 23, 46, 54;
7, 23, 35, 6, 14, 26;
2, 0, 8, 0, 2, 6;
4, 22, 43, 12, 16, 46;
0, 4, 10, 12, 32, 47;
7, 12, 32, 16, 32, 59;
9, 19, 29, 12, 21, 35;
8, 11, 40, 2, 6, 15;
13, 18, 46, 22, 36, 62;
31, 36, 66, 17, 20, 50;
13, 29, 57, 30, 47, 84;
7, 17, 43, 17, 39, 70;
2, 7, 13, 0, 3, 7;
2, 8, 18, 14, 35, 69;
1, 4, 22, 3, 14, 19;
1, 4, 15, 6, 11, 30;
20, 43, 75, 14, 31, 55;
31, 60, 76, 17, 32, 48;
40, 60, 97, 3, 9, 25;
17, 34, 50, 5, 9, 34;
2, 5, 12, 7, 16, 39;
2, 5, 16, 4, 13, 33;
5, 8, 9, 6, 14, 24;
3, 4, 18, 2, 3, 11;
3, 3, 7, 5, 14, 33;
38, 58, 96, 9, 14, 24;
3, 1, 9, 2, 5, 11;
0, 4, 4, 2, 2, 20;
2, 6, 23, 12, 23, 47;
8, 14, 42, 14, 36, 58;
13, 28, 51, 2, 5, 17;
3, 5, 21, 15, 19, 35;
27, 46, 53, 7, 16, 36;
8, 25, 39, 10, 15, 29;
3, 7, 29, 0, 1, 2;
3, 6, 33, 3, 5, 19;
8, 14, 32, 3, 18, 27;
17, 34, 43, 16, 24, 44;
3, 10, 28, 32, 40, 73;
1, 4, 12, 1, 1, 5;
11, 16, 25, 2, 14, 18;
2, 4, 7, 1, 3, 16;
15, 29, 54, 15, 23, 36;
5, 7, 32, 7, 20, 47;
2, 13, 26, 4, 6, 30;
1, 6, 13, 23, 39, 63;
1, 7, 24, 0, 7, 11;
2, 4, 8, 4, 14, 30;
3, 11, 38, 3, 5, 12;
19, 28, 63, 61, 78, 110;
18, 23, 34, 18, 25, 40;
11, 22, 48, 1, 4, 12;
2, 8, 9, 13, 28, 42;
2, 3, 9, 9, 18, 29;
5, 6, 15, 4, 8, 28;
0, 0, 9, 1, 6, 19;
0, 5, 12, 1, 3, 27;
4, 18, 50, 8, 10, 29;
32, 55, 96, 61, 64, 101;
9, 15, 34, 10, 36, 58;
2, 11, 28, 1, 7, 15;
14, 25, 50, 2, 3, 16;
0, 2, 5, 1, 6, 11;
18, 26, 60, 9, 22, 26;
6, 11, 24, 6, 12, 29;
8, 16, 31, 1, 7, 13;
3, 6, 17, 5, 15, 23;
2, 6, 19, 3, 7, 24;
16, 29, 48, 33, 44, 51;
10, 15, 16, 9, 14, 25;
23, 43, 77, 2, 9, 7;
5, 15, 15, 31, 51, 66;
26, 36, 64, 10, 18, 31;
0, 1, 6, 1, 4, 16;
1, 2, 11, 7, 15, 38;
0, 1, 8, 2, 3, 17;
1, 9, 23, 9, 11, 21;
4, 6, 23, 4, 10, 26;
1, 0, 10, 8, 18, 23;
7, 35, 63, 10, 25, 52;
1, 0, 7, 6, 5, 20;
12, 20, 55, 21, 35, 54;
5, 21, 38, 6, 6, 12;
2, 11, 31, 1, 1, 1;
7, 7, 25, 3, 7, 11;
2, 2, 14, 0, 1, 22;
0, 0, 3, 1, 8, 28;
27, 41, 70, 8, 17, 23;
8, 12, 32, 12, 16, 38;
1, 3, 7, 0, 6, 12;
6, 14, 25, 1, 7, 8;
0, 1, 8, 7, 17, 44;
11, 24, 52, 2, 5, 11;
1, 2, 8, 9, 9, 22;
4, 9, 35, 5, 15, 30;
3, 4, 12, 4, 17, 24;
9, 22, 45, 13, 22, 42;
17, 25, 37, 22, 28, 53;
2, 9, 18, 2, 14, 29;
4, 5, 11, 21, 65, 87;
9, 18, 53, 12, 17, 48;
0, 5, 7, 5, 15, 27;
2, 5, 26, 6, 14, 38;
0, 0, 4, 0, 2, 6;
46, 57, 82, 17, 22, 55;
6, 13, 32, 1, 7, 15;
5, 12, 24, 13, 16, 30;
1, 5, 13, 0, 16, 20;
7, 7, 26, 13, 36, 52;
6, 23, 54, 26, 34, 62;
23, 31, 60, 16, 33, 49;
16, 37, 54, 14, 22, 40;
1, 7, 4, 2, 8, 34;
0, 2, 8, 2, 1, 10;
1, 5, 14, 2, 13, 40;
3, 16, 32, 11, 26, 52;
17, 29, 36, 3, 7, 13;
32, 46, 80, 18, 47, 60;
10, 27, 33, 13, 18, 27;
3, 4, 21, 29, 58, 81;
1, 13, 26, 1, 5, 1;
20, 34, 62, 19, 44, 55;
16, 30, 53, 8, 15, 35;
27, 41, 62, 4, 12, 33;
3, 12, 23, 4, 5, 11;
15, 16, 34, 20, 24, 40;
1, 11, 37, 10, 22, 50;
36, 46, 82, 22, 40, 60;
1, 3, 11, 10, 15, 32;
2, 8, 20, 2, 14, 37;
0, 1, 3, 2, 5, 28;
4, 8, 9, 29, 32, 59;
0, 15, 34, 1, 4, 26;
0, 4, 36, 1, 5, 28;
0, 0, 6, 0, 1, 7;
1, 1, 5, 1, 3, 14;
1, 18, 20, 1, 7, 13;
10, 28, 52, 1, 10, 22;
0, 0, 5, 0, 4, 8;
4, 2, 10, 4, 6, 21;
5, 14, 19, 5, 14, 23;
21, 40, 62, 18, 37, 51;
1, 6, 5, 9, 34, 65;
1, 0, 11, 1, 5, 13;
4, 17, 40, 3, 7, 23;
24, 26, 41, 23, 30, 61;
15, 25, 35, 25, 56, 65;
5, 17, 44, 3, 12, 25;
27, 37, 69, 11, 22, 41;
31, 65, 87, 1, 8, 10;
23, 42, 63, 3, 28, 44;
0, 8, 28, 1, 4, 12;
3, 2, 10, 7, 18, 18;
13, 22, 51, 11, 23, 31;
10, 18, 42, 27, 55, 74;
3, 7, 20, 4, 0, 15;
3, 15, 22, 4, 13, 42;
3, 7, 21, 6, 8, 25;
10, 21, 58, 4, 4, 23;
5, 6, 15, 6, 9, 18;
25, 39, 65, 6, 17, 29;
11, 34, 48, 5, 15, 24;
11, 25, 38, 7, 13, 27;
17, 28, 71, 3, 14, 32;
2, 3, 11, 2, 2, 14;
16, 24, 51, 6, 15, 36;
8, 13, 34, 5, 9, 23;
0, 0, 6, 0, 0, 9;
23, 53, 87, 14, 36, 55;
38, 68, 103, 5, 17, 22;
3, 13, 41, 1, 7, 14;
5, 31, 51, 9, 14, 36;
0, 3, 8, 4, 9, 22;
23, 37, 67, 6, 23, 34;
1, 5, 20, 0, 1, 5;
1, 2, 15, 10, 31, 77;
18, 21, 39, 25, 47, 52;
4, 6, 11, 3, 8, 20;
22, 31, 49, 3, 13, 37;
4, 10, 34, 4, 4, 17;
5, 12, 34, 6, 17, 37;
2, 5, 16, 0, 3, 20;
7, 14, 32, 4, 21, 36;
13, 17, 39, 5, 12, 30;
27, 31, 56, 21, 42, 73;
6, 13, 31, 1, 15, 30;
2, 11, 24, 4, 10, 31;
29, 55, 72, 18, 36, 57;
6, 7, 26, 3, 15, 33;
4, 7, 19, 9, 18, 38;
5, 5, 18, 6, 10, 30;
23, 49, 78, 26, 39, 60;
0, 6, 11, 6, 11, 32;
0, 3, 8, 7, 24, 41;
5, 7, 14, 0, 8, 12;
3, 7, 16, 1, 6, 16;
13, 25, 53, 17, 22, 42;
4, 18, 23, 3, 3, 15;
3, 9, 13, 10, 32, 32;
15, 21, 50, 5, 12, 20;
1, 5, 14, 3, 5, 21;
6, 10, 30, 23, 22, 51;
16, 28, 41, 3, 13, 22;
4, 22, 47, 9, 14, 32;
15, 23, 56, 4, 13, 30;
5, 22, 26, 3, 15, 27;
3, 4, 15, 13, 33, 64;
8, 16, 42, 4, 12, 32;
1, 6, 15, 4, 15, 39;
5, 11, 23, 11, 19, 48;
21, 42, 82, 8, 24, 46;
1, 2, 13, 1, 6, 13;
5, 11, 38, 12, 34, 64;
19, 26, 50, 12, 21, 42;
1, 3, 14, 1, 2, 17;
13, 18, 37, 4, 8, 16;
11, 26, 37, 9, 14, 34;
1, 9, 16, 4, 5, 24;
3, 14, 33, 7, 21, 40;
8, 21, 32, 9, 7, 28;
17, 31, 47, 13, 26, 39;
2, 5, 15, 3, 18, 38;
5, 17, 37, 9, 15, 35;
13, 15, 43, 15, 31, 56;
5, 16, 17, 28, 30, 56;
7, 31, 61, 1, 2, 10;
1, 1, 8, 2, 17, 34;
2, 5, 8, 3, 5, 20;
27, 45, 67, 13, 28, 47;
5, 18, 39, 0, 1, 9;
0, 2, 9, 1, 2, 19;
5, 16, 37, 16, 26, 48;
1, 4, 19, 11, 17, 38;
10, 26, 55, 4, 5, 20;
0, 0, 7, 1, 5, 24;
14, 28, 50, 8, 34, 62;
5, 11, 22, 5, 12, 22;
16, 17, 51, 24, 53, 65;
23, 45, 58, 5, 17, 32;
11, 15, 42, 8, 20, 38;
8, 8, 35, 0, 8, 17;
0, 5, 14, 1, 5, 15;
3, 14, 16, 17, 12, 39;
11, 23, 41, 11, 28, 62;
0, 5, 11, 0, 2, 1;
19, 38, 74, 6, 17, 29;
11, 16, 28, 10, 19, 32;
3, 1, 5, 15, 25, 38;
2, 9, 36, 4, 11, 27;
11, 21, 43, 3, 4, 14;
10, 19, 55, 7, 19, 41;
5, 20, 39, 4, 21, 45;
3, 11, 25, 8, 18, 43;
15, 30, 54, 13, 27, 40;
1, 8, 29, 1, 1, 2;
1, 5, 22, 0, 6, 22;
2, 5, 14, 8, 20, 34;
6, 14, 33, 3, 11, 22;
2, 4, 11, 10, 20, 40;
5, 17, 21, 6, 20, 31;
14, 15, 37, 2, 11, 26;
3, 3, 20, 1, 1, 13;
10, 25, 43, 0, 8, 11;
4, 12, 23, 4, 13, 24;
2, 24, 38, 0, 3, 7;
6, 17, 37, 16, 17, 55;
8, 14, 39, 9, 12, 30;
23, 43, 68, 19, 35, 68;
16, 16, 52, 4, 11, 22;
4, 15, 41, 1, 9, 24;
14, 17, 32, 4, 6, 25;
0, 17, 25, 6, 4, 32;
6, 17, 17, 3, 7, 9;
16, 22, 39, 11, 24, 41;
8, 24, 43, 10, 26, 49;
13, 17, 38, 8, 16, 38;
2, 13, 28, 0, 7, 26;
34, 52, 94, 13, 32, 51;
2, 3, 9, 22, 39, 65;
4, 7, 22, 8, 14, 50;
26, 37, 58, 19, 25, 59;
0, 3, 14, 4, 9, 29;
7, 13, 31, 1, 2, 9;
4, 5, 17, 0, 0, 2;
2, 14, 20, 3, 16, 25;
3, 10, 31, 1, 5, 6;
47, 62, 86, 4, 12, 15;
1, 13, 32, 5, 12, 43;
5, 20, 33, 13, 37, 50;
1, 3, 13, 6, 7, 26;
3, 6, 18, 1, 10, 20;
6, 18, 48, 1, 12, 20;
4, 8, 20, 1, 3, 13;
14, 27, 42, 16, 16, 29;
5, 20, 26, 4, 12, 27;
4, 5, 29, 1, 8, 20;
30, 64, 88, 11, 22, 48;
29, 50, 64, 11, 22, 42;
1, 4, 18, 3, 17, 41;
3, 8, 24, 1, 13, 32;
3, 7, 6, 2, 13, 30;
5, 22, 51, 0, 2, 6;
2, 10, 12, 10, 27, 40;
26, 36, 60, 12, 26, 42;
10, 25, 33, 16, 31, 45;
11, 18, 50, 7, 11, 24;
32, 58, 99, 10, 13, 34;
14, 34, 46, 15, 24, 45;
2, 6, 12, 27, 28, 60;
7, 19, 32, 5, 9, 16;
6, 13, 31, 11, 16, 27;
48, 53, 79, 25, 37, 58;
3, 3, 25, 3, 7, 29;
8, 13, 19, 7, 13, 29;
20, 33, 65, 23, 46, 78;
7, 15, 41, 14, 32, 60;
3, 16, 41, 2, 12, 25;
2, 13, 24, 10, 27, 51;
6, 16, 32, 6, 20, 32;
13, 17, 30, 15, 12, 40;
13, 29, 65, 39, 49, 81;
7, 25, 49, 4, 21, 31;
9, 14, 27, 31, 38, 65;
2, 2, 14, 4, 15, 36;
25, 58, 78, 4, 21, 22;
38, 63, 86, 12, 23, 43;
5, 19, 34, 6, 18, 36;
27, 54, 70, 25, 32, 70;
7, 22, 36, 3, 5, 14;
5, 10, 17, 18, 37, 67;
1, 7, 18, 1, 1, 6;
29, 31, 34, 17, 19, 39;
1, 7, 20, 3, 18, 31;
20, 36, 54, 30, 45, 66;
33, 46, 63, 26, 33, 65;
13, 27, 52, 7, 15, 13;
1, 7, 11, 3, 8, 30;
3, 10, 29, 0, 10, 10;
0, 4, 14, 1, 4, 12;
0, 10, 16, 1, 6, 24;
1, 7, 12, 0, 7, 24;
42, 50, 79, 63, 81, 104;
0, 0, 3, 0, 0, 2;
9, 17, 30, 12, 16, 34;
7, 20, 34, 20, 38, 76;
4, 17, 51, 7, 13, 26;
0, 4, 11, 1, 10, 34;
8, 18, 35, 6, 14, 38;
17, 35, 56, 35, 45, 65;
3, 6, 27, 7, 25, 42;
32, 60, 79, 1, 5, 14;
0, 4, 20, 0, 4, 13;
11, 17, 37, 15, 27, 59;
3, 0, 3, 2, 8, 20;
8, 12, 19, 24, 53, 67;
4, 7, 22, 2, 7, 18;
0, 3, 12, 0, 5, 18;
0, 0, 17, 12, 22, 56;
12, 18, 51, 16, 32, 75;
10, 24, 32, 4, 11, 35;
11, 25, 50, 10, 20, 32;
7, 22, 44, 3, 2, 26;
2, 4, 15, 2, 7, 22;
21, 34, 61, 10, 13, 36;
1, 3, 12, 5, 9, 22;
2, 6, 15, 1, 6, 16;
9, 12, 24, 23, 25, 52;
0, 8, 26, 6, 22, 41;
5, 10, 28, 10, 23, 50;
7, 15, 37, 1, 11, 16;
23, 47, 78, 10, 20, 38;
0, 1, 7, 2, 8, 27;
48, 79, 102, 60, 80, 95;
20, 29, 43, 76, 90, 109;
11, 29, 58, 8, 17, 30;
1, 6, 30, 1, 1, 13;
14, 22, 42, 30, 46, 67;
1, 0, 3, 1, 6, 22;
1, 6, 4, 2, 6, 18;
0, 1, 3, 8, 7, 14;
5, 18, 34, 6, 7, 16;
2, 1, 14, 8, 16, 29;
3, 7, 30, 0, 9, 12;
2, 8, 20, 0, 4, 12;
6, 15, 29, 9, 38, 50;
11, 38, 71, 11, 13, 55;
4, 6, 25, 8, 13, 29;
8, 20, 39, 7, 11, 25;
8, 32, 46, 6, 11, 17;
3, 3, 17, 4, 24, 28;
7, 21, 38, 1, 4, 18;
2, 3, 18, 2, 13, 30;
2, 12, 24, 5, 9, 17;
11, 17, 53, 5, 17, 30;
1, 7, 15, 9, 19, 33;
0, 1, 2, 3, 12, 40;
8, 15, 35, 9, 24, 33;
24, 48, 74, 18, 41, 55;
32, 51, 81, 25, 34, 57;
6, 11, 33, 3, 8, 24;
7, 11, 22, 36, 53, 80;
0, 2, 7, 1, 8, 12;
3, 4, 24, 4, 5, 18;
4, 13, 16, 0, 2, 12;
0, 0, 7, 3, 14, 44;
14, 32, 61, 3, 22, 45;
18, 40, 65, 20, 18, 36;
8, 17, 30, 6, 27, 44;
3, 6, 21, 15, 29, 52;
1, 5, 13, 10, 18, 37;
6, 20, 39, 11, 24, 48;
2, 2, 11, 7, 18, 32;
1, 12, 26, 4, 18, 33;
11, 13, 24, 15, 25, 41;
10, 12, 29, 23, 39, 68;
0, 0, 4, 3, 8, 28;
3, 10, 26, 3, 12, 28;
13, 27, 45, 4, 14, 29;
5, 16, 24, 3, 10, 14;
2, 3, 16, 7, 11, 22;
14, 23, 38, 8, 19, 30;
1, 10, 30, 5, 16, 27;
0, 0, 2, 0, 7, 4;
23, 38, 67, 3, 8, 17;
0, 8, 18, 2, 3, 14;
1, 6, 18, 8, 28, 47;
5, 3, 12, 6, 12, 25;
11, 17, 41, 24, 40, 75;
25, 25, 45, 12, 20, 43;
17, 27, 51, 10, 20, 38;
2, 2, 13, 5, 9, 16;
3, 8, 41, 6, 9, 40;
0, 2, 9, 0, 10, 14;
38, 49, 72, 6, 17, 36;
12, 17, 27, 0, 9, 30;
3, 8, 23, 5, 11, 19;
13, 18, 52, 2, 14, 18;
10, 15, 46, 6, 20, 48;
1, 2, 10, 4, 10, 31;
13, 28, 50, 19, 36, 73;
0, 2, 11, 3, 17, 34;
5, 23, 40, 5, 13, 25;
0, 2, 16, 1, 3, 29;
13, 14, 30, 13, 28, 55;
7, 22, 43, 25, 48, 69;
6, 17, 37, 34, 52, 56;
12, 31, 49, 21, 37, 71;
1, 3, 11, 1, 3, 11;
37, 47, 75, 41, 48, 75;
0, 2, 17, 0, 4, 15;
0, 4, 20, 2, 8, 20;
1, 7, 13, 4, 12, 23;
2, 11, 27, 5, 7, 23;
1, 10, 17, 1, 2, 15;
23, 39, 57, 6, 18, 30;
8, 14, 29, 1, 8, 17;
46, 48, 72, 1, 13, 32;
7, 19, 31, 26, 40, 62;
4, 6, 16, 8, 22, 27;
32, 73, 84, 30, 26, 45;
8, 11, 22, 22, 32, 51;
16, 40, 58, 54, 63, 98;
12, 30, 51, 4, 9, 18;
5, 14, 42, 1, 6, 22;
2, 4, 16, 22, 43, 73;
5, 15, 32, 27, 27, 48;
0, 5, 16, 0, 0, 9;
4, 20, 49, 7, 18, 42;
8, 18, 38, 12, 19, 52;
20, 40, 75, 10, 18, 49;
8, 14, 22, 8, 20, 37;
2, 13, 36, 5, 9, 29;
4, 14, 14, 22, 29, 48;
3, 6, 19, 34, 59, 72;
1, 9, 14, 19, 21, 44;
7, 21, 34, 12, 16, 35;
1, 6, 14, 5, 15, 37;
6, 10, 28, 1, 6, 19;
1, 2, 15, 2, 18, 41;
5, 17, 18, 9, 28, 44;
1, 3, 13, 12, 20, 41;
2, 25, 45, 10, 19, 49;
7, 8, 40, 5, 10, 34;
2, 4, 25, 6, 10, 28;
27, 53, 76, 15, 28, 27;
4, 15, 22, 5, 3, 10;
16, 36, 60, 2, 8, 19;
6, 9, 30, 2, 15, 27;
0, 5, 14, 6, 13, 43;
4, 10, 29, 8, 15, 35;
11, 30, 73, 6, 9, 35;
0, 3, 8, 2, 5, 12;
6, 11, 17, 16, 24, 35;
23, 41, 47, 5, 5, 12;
0, 2, 4, 1, 5, 21;
10, 22, 54, 1, 10, 34;
13, 32, 59, 2, 10, 32;
33, 64, 90, 13, 39, 55;
9, 10, 27, 17, 27, 41;
2, 11, 21, 0, 7, 19;
11, 15, 36, 25, 49, 73;
14, 21, 61, 11, 35, 54;
11, 26, 45, 21, 30, 56;
1, 4, 26, 9, 26, 45;
4, 0, 13, 18, 23, 48;
3, 8, 14, 4, 9, 39;
0, 5, 13, 0, 8, 19;
2, 6, 10, 4, 12, 28;
20, 36, 59, 11, 22, 38;
0, 3, 11, 13, 13, 38;
3, 11, 25, 6, 10, 23;
25, 39, 68, 26, 32, 49;
9, 21, 43, 6, 18, 17;
6, 19, 45, 4, 8, 30;
23, 37, 75, 21, 31, 69;
7, 22, 52, 10, 16, 38;
14, 20, 45, 16, 26, 36;
5, 13, 33, 6, 8, 19;
4, 7, 16, 11, 18, 33;
4, 10, 23, 0, 9, 18;
0, 0, 0, 3, 7, 10;
10, 38, 67, 5, 9, 37;
3, 10, 25, 1, 5, 12;
8, 15, 34, 0, 3, 6;
6, 10, 26, 0, 3, 7;
8, 12, 29, 5, 12, 24;
0, 5, 15, 6, 7, 34;
3, 11, 19, 14, 20, 41;
21, 18, 31, 15, 22, 38;
0, 3, 12, 0, 2, 7;
4, 12, 18, 1, 6, 8;
53, 63, 78, 62, 77, 87;
4, 6, 19, 5, 12, 38;
0, 0, 6, 9, 14, 15;
5, 3, 21, 7, 3, 22;
0, 3, 25, 3, 14, 34;
2, 15, 27, 0, 4, 12;
4, 13, 34, 4, 15, 38;
3, 11, 14, 4, 11, 20;
30, 40, 65, 5, 18, 37;
13, 27, 55, 32, 44, 61;
1, 3, 6, 5, 14, 44;
30, 41, 66, 29, 47, 69;
1, 1, 14, 4, 10, 40;
3, 19, 24, 5, 14, 41;
60, 64, 78, 7, 11, 15;
0, 5, 22, 8, 26, 49;
3, 5, 21, 13, 30, 57;
9, 22, 50, 5, 3, 15;
16, 29, 36, 13, 14, 31;
38, 46, 67, 27, 24, 59;
6, 24, 51, 7, 23, 26;
8, 10, 23, 6, 18, 43;
1, 3, 18, 1, 9, 12;
6, 21, 35, 10, 29, 48;
0, 10, 27, 1, 8, 12;
0, 8, 17, 2, 5, 18;
12, 26, 59, 6, 8, 15;
9, 16, 50, 3, 11, 30;
4, 7, 18, 10, 19, 43;
11, 15, 31, 13, 28, 51;
18, 37, 62, 3, 3, 12;
0, 3, 10, 0, 3, 4;
3, 5, 14, 1, 4, 7;
4, 16, 46, 12, 26, 39;
1, 7, 24, 0, 3, 18;
2, 0, 4, 3, 4, 14;
1, 8, 26, 12, 16, 34;
5, 22, 35, 3, 6, 19;
9, 20, 45, 3, 11, 25;
19, 29, 47, 21, 31, 45;
9, 22, 30, 7, 17, 23;
13, 25, 62, 8, 27, 51;
16, 16, 26, 12, 25, 30;
24, 34, 42, 14, 27, 50;
1, 1, 3, 0, 0, 2;
2, 12, 23, 3, 3, 13;
9, 21, 42, 5, 8, 16;
1, 10, 22, 6, 12, 50;
12, 14, 47, 26, 35, 56;
5, 5, 30, 1, 3, 9;
18, 17, 44, 14, 32, 38;
6, 18, 38, 0, 1, 7;
0, 1, 10, 1, 2, 10;
3, 7, 13, 2, 0, 4;
7, 14, 36, 11, 19, 33;
11, 29, 66, 11, 18, 55;
20, 24, 48, 29, 37, 63;
7, 19, 50, 4, 10, 25;
9, 15, 38, 0, 11, 19;
7, 20, 39, 1, 1, 15;
3, 6, 15, 7, 18, 37;
2, 1, 18, 3, 16, 39;
7, 12, 28, 12, 17, 43;
5, 8, 18, 1, 4, 12;
7, 18, 43, 21, 42, 71;
0, 0, 4, 4, 9, 24;
6, 23, 45, 6, 16, 27;
1, 6, 9, 9, 18, 28;
19, 33, 63, 7, 17, 32;
5, 6, 28, 9, 22, 37;
41, 47, 70, 19, 27, 36;
1, 7, 19, 2, 2, 15;
2, 7, 14, 7, 19, 23;
3, 6, 17, 16, 35, 44;
0, 2, 8, 5, 11, 27;
66, 64, 99, 3, 10, 10;
17, 30, 53, 17, 36, 57;
31, 42, 66, 1, 11, 23;
16, 23, 41, 27, 41, 51;
0, 1, 15, 1, 0, 11;
3, 4, 16, 2, 11, 24;
6, 16, 39, 5, 12, 32;
0, 3, 6, 0, 2, 16;
0, 0, 11, 1, 9, 36;
47, 63, 78, 44, 52, 76;
7, 7, 18, 20, 28, 43;
2, 15, 15, 11, 21, 49;
2, 7, 28, 14, 26, 62;
1, 5, 20, 0, 1, 9;
27, 31, 51, 15, 25, 51;
6, 7, 38, 3, 10, 25;
1, 3, 3, 3, 11, 27;
4, 19, 34, 1, 0, 7;
2, 13, 13, 2, 9, 11;
4, 12, 18, 12, 12, 33;
0, 5, 29, 1, 5, 14;
3, 6, 16, 15, 38, 58;
3, 6, 11, 7, 22, 29;
10, 18, 36, 7, 17, 32;
50, 59, 83, 56, 77, 87;
3, 15, 17, 25, 28, 67;
9, 17, 36, 18, 18, 38;
2, 12, 18, 0, 3, 6;
10, 19, 47, 1, 9, 29;
18, 36, 60, 1, 6, 18;
1, 5, 6, 0, 2, 15;
6, 12, 18, 2, 6, 16;
2, 3, 20, 2, 12, 36;
9, 17, 35, 13, 7, 32;
19, 39, 70, 1, 11, 25;
22, 48, 69, 24, 35, 69;
0, 2, 13, 0, 1, 10;
12, 26, 46, 33, 51, 83;
0, 7, 16, 1, 4, 19;
17, 43, 50, 20, 30, 55;
2, 2, 9, 5, 16, 32;
10, 27, 32, 11, 15, 32;
6, 26, 40, 1, 6, 21;
4, 9, 25, 0, 6, 16;
7, 31, 50, 12, 31, 57;
13, 46, 59, 9, 16, 32;
4, 9, 20, 0, 2, 3;
12, 32, 61, 16, 30, 61;
22, 32, 55, 1, 3, 5;
12, 19, 52, 20, 33, 57;
27, 41, 75, 10, 18, 32;
6, 17, 43, 9, 12, 32;
12, 22, 35, 23, 42, 61;
3, 11, 42, 0, 5, 13;
0, 4, 10, 10, 20, 25;
1, 7, 18, 2, 9, 17;
3, 7, 18, 3, 9, 10;
5, 12, 30, 3, 8, 19;
34, 51, 77, 6, 13, 25;
1, 17, 20, 5, 7, 28;
6, 23, 47, 15, 19, 52;
1, 5, 20, 0, 7, 15;
2, 5, 25, 2, 2, 11;
17, 47, 57, 15, 34, 67;
0, 4, 15, 13, 26, 44;
6, 6, 27, 3, 4, 15;
4, 7, 16, 1, 8, 14;
3, 3, 15, 8, 19, 35;
14, 25, 46, 24, 49, 66;
22, 36, 67, 1, 9, 34;
6, 15, 28, 2, 5, 30;
18, 23, 37, 8, 17, 29;
0, 1, 4, 1, 9, 20;
10, 9, 53, 10, 11, 32;
12, 22, 42, 1, 17, 28;
14, 23, 49, 6, 8, 30;
5, 19, 34, 0, 2, 14;
8, 10, 46, 1, 10, 23;
1, 5, 23, 3, 13, 35;
3, 6, 22, 5, 9, 22;
1, 1, 17, 11, 23, 38;
0, 7, 23, 0, 0, 1;
4, 8, 15, 3, 5, 13;
0, 4, 11, 3, 6, 20;
2, 13, 32, 3, 1, 5;
8, 8, 21, 4, 12, 22;
2, 3, 7, 10, 23, 51;
3, 9, 27, 14, 32, 66;
5, 6, 28, 3, 14, 20;
0, 3, 19, 3, 11, 37;
15, 28, 40, 18, 34, 36;
2, 10, 26, 5, 11, 38;
9, 11, 32, 10, 10, 43;
5, 5, 25, 4, 14, 40;
8, 23, 45, 7, 9, 24;
1, 1, 13, 0, 7, 20;
28, 50, 62, 12, 25, 26;
1, 9, 24, 6, 8, 24;
7, 22, 35, 2, 5, 14;
11, 18, 40, 29, 38, 59;
6, 12, 37, 3, 18, 40;
28, 44, 68, 9, 21, 42;
3, 10, 20, 7, 22, 32;
3, 8, 31, 6, 19, 34;
11, 24, 35, 11, 25, 33;
2, 0, 14, 1, 4, 1;
12, 19, 32, 10, 20, 43;
6, 20, 41, 8, 19, 38;
6, 13, 32, 16, 32, 50;
35, 33, 72, 5, 17, 33;
1, 6, 4, 22, 33, 50;
2, 3, 15, 0, 7, 19;
3, 8, 14, 2, 7, 26;
7, 13, 36, 1, 6, 17;
1, 2, 9, 3, 12, 34;
0, 1, 12, 7, 15, 35;
15, 18, 48, 2, 5, 16;
0, 4, 15, 9, 14, 24;
5, 15, 25, 6, 21, 34;
5, 11, 31, 2, 10, 14;
28, 31, 64, 2, 2, 13;
16, 23, 51, 7, 14, 32;
7, 20, 58, 5, 14, 32;
0, 1, 11, 2, 3, 19;
9, 15, 33, 30, 44, 64;
1, 4, 7, 2, 17, 43;
4, 18, 25, 1, 5, 16;
21, 24, 59, 3, 7, 15;
15, 17, 41, 1, 5, 12;
7, 12, 34, 6, 19, 33;
7, 11, 41, 5, 7, 20;
0, 2, 14, 7, 21, 34;
0, 5, 22, 2, 6, 23;
2, 8, 19, 6, 14, 32;
15, 19, 32, 10, 10, 29;
0, 3, 8, 2, 7, 9;
3, 5, 20, 0, 7, 21;
4, 8, 30, 9, 20, 34;
13, 30, 57, 2, 19, 24;
2, 13, 24, 6, 16, 32;
4, 23, 47, 5, 7, 13;
18, 28, 41, 31, 54, 55;
52, 55, 91, 16, 30, 67;
6, 12, 33, 6, 6, 35;
3, 13, 30, 13, 24, 39;
0, 1, 4, 0, 1, 9;
0, 4, 11, 5, 11, 32;
6, 20, 43, 7, 9, 30;
5, 20, 40, 2, 9, 26;
34, 41, 63, 50, 51, 64;
8, 21, 51, 0, 11, 25;
7, 7, 11, 4, 19, 36;
10, 14, 20, 6, 5, 14;
0, 4, 17, 0, 3, 6;
3, 8, 19, 3, 10, 19;
8, 18, 48, 21, 36, 66;
3, 6, 14, 9, 30, 57;
2, 7, 25, 2, 5, 12;
6, 13, 34, 9, 11, 24;
6, 21, 45, 0, 2, 11;
1, 11, 31, 1, 0, 13;
7, 14, 37, 21, 40, 60;
2, 3, 15, 3, 10, 29;
2, 1, 6, 9, 14, 36;
21, 40, 60, 2, 18, 31;
27, 35, 59, 9, 16, 40;
9, 19, 43, 1, 7, 22;
5, 18, 34, 4, 7, 14;
20, 29, 48, 8, 19, 36;
6, 11, 16, 7, 16, 36;
12, 29, 69, 0, 5, 17;
15, 20, 23, 8, 26, 37;
3, 3, 15, 0, 7, 16;
1, 3, 12, 4, 11, 19;
17, 34, 64, 6, 13, 28;
46, 51, 72, 12, 16, 42;
12, 17, 34, 15, 25, 69;
3, 4, 35, 2, 14, 33;
8, 22, 31, 0, 2, 10;
6, 10, 21, 2, 12, 23;
17, 28, 43, 12, 25, 67;
4, 4, 10, 5, 22, 36;
4, 10, 29, 2, 11, 24;
0, 1, 7, 2, 5, 23;
4, 7, 33, 8, 20, 37;
2, 10, 20, 7, 23, 35;
1, 2, 20, 0, 1, 14;
9, 13, 18, 2, 20, 26;
13, 14, 46, 16, 27, 35;
7, 12, 35, 0, 16, 16;
4, 11, 25, 15, 42, 78;
18, 40, 83, 29, 47, 76;
3, 9, 9, 15, 24, 44;
14, 35, 35, 24, 37, 53;
4, 18, 39, 2, 6, 18;
0, 7, 24, 3, 8, 16;
27, 31, 44, 50, 60, 85;
3, 16, 31, 0, 8, 20;
11, 13, 34, 8, 17, 30;
3, 11, 33, 0, 2, 14;
15, 21, 45, 19, 25, 50;
0, 3, 14, 3, 4, 25;
3, 7, 26, 0, 4, 10;
4, 6, 18, 4, 6, 16;
4, 4, 13, 6, 12, 33;
1, 4, 16, 5, 5, 20;
6, 15, 45, 3, 16, 29;
10, 13, 27, 7, 17, 26;
27, 51, 90, 15, 22, 55;
8, 32, 62, 10, 19, 49;
1, 1, 4, 5, 10, 29;
4, 9, 19, 7, 17, 41;
0, 2, 12, 2, 9, 33;
0, 4, 5, 1, 9, 11;
8, 14, 52, 3, 3, 8;
0, 0, 6, 0, 3, 10;
5, 15, 27, 22, 36, 66;
4, 8, 20, 3, 18, 39;
7, 14, 40, 1, 2, 9;
2, 5, 14, 24, 48, 76;
2, 4, 8, 2, 3, 18;
1, 4, 16, 2, 3, 24;
25, 49, 68, 29, 41, 70;
9, 18, 33, 7, 7, 28;
2, 8, 26, 2, 3, 17;
1, 0, 9, 4, 8, 25;
25, 36, 66, 12, 18, 23;
21, 20, 53, 12, 25, 41;
17, 39, 71, 10, 25, 46;
2, 15, 42, 9, 18, 36;
3, 11, 23, 6, 12, 34;
11, 27, 45, 6, 16, 37;
5, 15, 16, 1, 8, 27;
0, 0, 2, 1, 10, 26;
22, 35, 59, 4, 9, 16;
3, 12, 19, 9, 18, 38;
10, 13, 43, 8, 13, 29;
1, 7, 17, 3, 4, 17;
1, 11, 16, 6, 12, 26;
1, 10, 36, 3, 13, 27;
0, 4, 20, 6, 9, 33;
3, 13, 29, 14, 25, 71;
8, 15, 51, 0, 7, 20;
39, 54, 75, 19, 34, 57;
7, 10, 16, 23, 26, 65;
6, 16, 48, 0, 8, 14;
7, 24, 39, 26, 39, 61;
3, 14, 30, 5, 4, 21;
3, 11, 31, 6, 16, 36;
3, 11, 32, 4, 7, 25;
4, 12, 38, 2, 3, 32;
31, 43, 63, 6, 8, 29;
0, 2, 11, 4, 10, 23;
11, 22, 33, 3, 3, 12;
5, 3, 11, 11, 17, 30;
2, 6, 11, 3, 3, 13;
24, 45, 71, 3, 12, 31;
4, 14, 43, 11, 13, 46;
4, 23, 37, 3, 10, 30;
11, 22, 44, 13, 18, 32;
4, 8, 26, 5, 14, 33;
2, 7, 12, 5, 20, 33;
5, 12, 17, 3, 2, 15;
8, 5, 20, 7, 12, 31;
17, 28, 48, 5, 16, 26;
1, 7, 18, 0, 0, 12;
4, 5, 18, 10, 11, 21;
25, 37, 54, 15, 21, 41;
0, 1, 14, 2, 15, 22;
4, 5, 21, 2, 8, 31;
22, 37, 66, 12, 21, 38;
22, 38, 73, 8, 18, 38;
10, 29, 53, 0, 5, 11;
0, 1, 8, 5, 12, 30;
17, 30, 55, 6, 12, 29;
10, 7, 23, 9, 19, 44;
0, 2, 9, 3, 4, 15;
22, 33, 59, 6, 16, 17;
29, 58, 78, 11, 16, 39;
2, 12, 24, 0, 3, 13;
0, 0, 6, 1, 3, 11;
0, 9, 20, 16, 40, 62;
3, 6, 9, 3, 12, 28;
18, 23, 52, 10, 28, 50;
34, 51, 91, 28, 44, 80;
15, 30, 50, 10, 15, 31;
4, 6, 23, 4, 7, 14;
11, 24, 42, 4, 16, 27;
19, 18, 52, 10, 15, 27;
0, 7, 10, 1, 6, 21;
10, 13, 30, 17, 37, 58;
2, 5, 17, 3, 13, 30;
3, 26, 39, 2, 5, 19;
0, 3, 17, 17, 27, 65;
8, 10, 30, 12, 38, 56;
4, 10, 31, 9, 17, 54;
11, 30, 45, 16, 24, 35;
3, 9, 23, 3, 9, 22;
15, 38, 63, 3, 4, 12;
28, 57, 103, 2, 13, 20;
14, 40, 38, 17, 32, 57;
12, 26, 37, 14, 33, 53;
1, 4, 12, 12, 32, 56;
1, 5, 17, 1, 6, 8;
0, 12, 22, 1, 1, 15;
4, 7, 25, 16, 26, 59;
0, 4, 5, 2, 3, 22;
0, 2, 6, 1, 2, 7;
20, 24, 52, 15, 31, 50;
4, 9, 26, 8, 12, 35;
11, 14, 29, 23, 36, 73;
8, 16, 38, 8, 20, 29;
4, 31, 50, 3, 14, 26;
9, 17, 22, 19, 22, 37;
7, 26, 44, 0, 8, 27;
6, 14, 38, 7, 11, 23;
3, 7, 25, 3, 5, 21;
]

//NU.init = [15]
//W.init = [0.4, 0.35]
//R.init = [0.25]

NU.sigma = [1.0]
W.sigma = [0.01, 0.01]
R.sigma = [0.01]
Z.sigma = [0.1]
S.sigma = [0.5]

NU.level = [0.234]
W.level = [0.234, 0.234]
R.level = [0.234]
Z.level = [0.44]
S.level = [0.44]
