# year	AAA	AA	A	BBB	BB	B	CCC	Default	
0	0	0	0	0	0	0	0	1	
1	0	-4.44089e-16	0.0006	0.0018	0.0106	0.0521	0.1978	0	
2	1.788e-05	0.00017712	0.00087934	0.00300917	0.015263	0.0522292	0.134426	0	
3	5.70915e-05	0.000357608	0.00123297	0.00425011	0.0184914	0.0500659	0.0934637	0	
4	0.000114757	0.0005477	0.00164174	0.00544714	0.0205889	0.0468088	0.0667461	0	
5	0.000188973	0.000751281	0.00208876	0.00655368	0.0218184	0.0431454	0.0491176	0	
6	0.000278506	0.000970336	0.00255935	0.00754404	0.0223973	0.039456	0.0373167	0	
7	0.000382547	0.00120535	0.00304106	0.00840704	0.0224994	0.0359398	0.0292758	0	
8	0.00050052	0.00145571	0.00352352	0.00914133	0.0222606	0.0326896	0.0236802	0	
9	0.00063194	0.00171995	0.00399835	0.00975181	0.0217855	0.0297384	0.0196908	0	
10	0.000776319	0.00199608	0.00445891	0.0102472	0.0211528	0.0270862	0.0167695	0	
11	0.000933101	0.00228178	0.00490013	0.010638	0.0204215	0.0247163	0.0145694	0	
12	0.00110163	0.00257454	0.00531826	0.0109359	0.0196347	0.0226045	0.012865	0	
13	0.00128114	0.00287181	0.00571072	0.0111523	0.0188236	0.0207243	0.0115086	0	
14	0.00147073	0.00317111	0.00607589	0.0112981	0.0180105	0.0190495	0.0104022	0	
15	0.00166944	0.00347009	0.00641291	0.0113837	0.0172108	0.0175558	0.00948018	0	
16	0.00187616	0.00376654	0.00672156	0.0114181	0.0164349	0.0162213	0.0086975	0	
17	0.00208978	0.0040585	0.00700212	0.0114098	0.0156894	0.0150267	0.00802298	0	
18	0.00230909	0.0043442	0.00725523	0.0113659	0.0149785	0.0139548	0.00743444	0	
19	0.00253288	0.00462212	0.00748184	0.011293	0.0143041	0.0129909	0.00691578	0	
20	0.00275995	0.00489094	0.00768311	0.0111963	0.013667	0.0121222	0.00645504	0	
21	0.00298909	0.00514959	0.00786032	0.0110807	0.0130668	0.0113375	0.00604307	0	
22	0.00321913	0.00539719	0.00801483	0.0109502	0.0125026	0.0106271	0.00567278	0	
23	0.00344895	0.00563303	0.00814809	0.0108081	0.0119732	0.00998272	0.00533848	0	
24	0.00367749	0.00585662	0.00826151	0.0106574	0.0114769	0.00939694	0.00503558	0	
25	0.00390373	0.0060676	0.00835651	0.0105003	0.0110118	0.00886343	0.00476025	0	
26	0.00412674	0.00626575	0.00843447	0.010339	0.0105763	0.00837661	0.00450931	0	
27	0.00434568	0.00645098	0.00849674	0.010175	0.0101684	0.00793159	0.00428003	0	
28	0.00455977	0.00662331	0.00854459	0.0100097	0.00978636	0.00752405	0.00407007	0	
29	0.0047683	0.00678285	0.00857923	0.0098442	0.00942842	0.00715022	0.00387742	0	
30	0.00497066	0.0069298	0.0086018	0.00967938	0.00909292	0.00680672	0.00370032	0	
31	0.00516632	0.00706441	0.00861337	0.00951596	0.00877829	0.00649061	0.0035372	0	
32	0.00535482	0.007187	0.00861496	0.0093545	0.00848303	0.00619922	0.00338672	0	
33	0.00553576	0.00729792	0.00860748	0.00919544	0.00820576	0.00593021	0.00324766	0	
34	0.00570884	0.00739756	0.00859181	0.00903912	0.00794516	0.00568149	0.00311894	0	
35	0.00587379	0.00748635	0.00856874	0.00888578	0.00770003	0.00545119	0.00299961	0	
36	0.00603044	0.00756472	0.00853902	0.00873561	0.00746924	0.00523762	0.00288881	0	
37	0.00617866	0.00763312	0.00850331	0.00858872	0.00725174	0.00503927	0.00278577	0	
38	0.00631835	0.00769201	0.00846223	0.00844519	0.00704658	0.00485481	0.00268981	0	
39	0.00644951	0.00774186	0.00841637	0.00830505	0.00685285	0.004683	0.00260031	0	
40	0.00657213	0.00778312	0.00836624	0.00816831	0.00666972	0.00452276	0.0025167	0	
41	0.00668628	0.00781624	0.00831231	0.00803493	0.00649644	0.00437308	0.00243848	0	
42	0.00679205	0.00784169	0.00825502	0.00790488	0.00633229	0.00423309	0.0023652	0	
43	0.00688955	0.00785989	0.00819476	0.0077781	0.00617662	0.00410196	0.00229644	0	
44	0.00697893	0.00787128	0.0081319	0.00765452	0.00602883	0.00397897	0.00223184	0	
45	0.00706037	0.00787626	0.00806677	0.00753405	0.00588837	0.00386344	0.00217104	0	
46	0.00713405	0.00787525	0.00799965	0.00741662	0.00575472	0.00375477	0.00211376	0	
47	0.00720019	0.00786863	0.00793083	0.00730213	0.0056274	0.00365242	0.00205969	0	
48	0.00725902	0.00785676	0.00786054	0.00719049	0.00550598	0.00355589	0.0020086	0	
49	0.00731075	0.00784	0.00778901	0.0070816	0.00539006	0.00346471	0.00196024	0	
50	0.00735565	0.0078187	0.00771644	0.00697538	0.00527926	0.00337847	0.00191441	0	
51	0.00739396	0.00779317	0.007643	0.00687173	0.00517324	0.0032968	0.00187091	0	
52	0.00742593	0.00776373	0.00756887	0.00677055	0.00507168	0.00321934	0.00182957	0	
53	0.00745182	0.00773067	0.0074942	0.00667175	0.00497428	0.00314579	0.00179022	0	
54	0.00747189	0.00769426	0.00741911	0.00657525	0.00488077	0.00307585	0.00175273	0	
55	0.00748641	0.00765476	0.00734373	0.00648096	0.00479091	0.00300926	0.00171695	0	
56	0.00749563	0.00761243	0.00726816	0.00638879	0.00470445	0.00294577	0.00168275	0	
57	0.0074998	0.0075675	0.00719251	0.00629867	0.00462118	0.00288517	0.00165004	0	
58	0.00749917	0.00752019	0.00711686	0.00621052	0.00454091	0.00282724	0.0016187	0	
59	0.007494	0.0074707	0.0070413	0.00612427	0.00446344	0.0027718	0.00158864	0	
60	0.00748452	0.00741924	0.00696589	0.00603983	0.00438862	0.00271869	0.00155976	0	
61	0.00747098	0.00736598	0.00689069	0.00595716	0.00431626	0.00266773	0.001532	0	
62	0.00745359	0.0073111	0.00681577	0.00587617	0.00424624	0.00261879	0.00150527	0	
63	0.00743259	0.00725476	0.00674118	0.0057968	0.00417842	0.00257173	0.00147952	0	
64	0.00740819	0.00719711	0.00666695	0.00571901	0.00411266	0.00252643	0.00145466	0	
65	0.00738059	0.00713829	0.00659314	0.00564273	0.00404886	0.00248277	0.00143066	0	
66	0.00735001	0.00707843	0.00651977	0.0055679	0.00398689	0.00244066	0.00140745	0	
67	0.00731664	0.00701766	0.00644689	0.00549448	0.00392667	0.00239998	0.00138499	0	
68	0.00728066	0.0069561	0.00637451	0.00542242	0.00386809	0.00236066	0.00136322	0	
69	0.00724225	0.00689384	0.00630266	0.00535167	0.00381107	0.00232261	0.00134212	0	
70	0.00720159	0.006831	0.00623137	0.00528218	0.00375553	0.00228575	0.00132163	0	
71	0.00715883	0.00676766	0.00616065	0.00521392	0.0037014	0.00225002	0.00130173	0	
72	0.00711415	0.00670391	0.00609052	0.00514685	0.00364859	0.00221535	0.00128238	0	
73	0.00706767	0.00663983	0.00602099	0.00508092	0.00359705	0.00218167	0.00126355	0	
74	0.00701956	0.0065755	0.00595208	0.0050161	0.00354671	0.00214894	0.00124522	0	
75	0.00696994	0.00651098	0.0058838	0.00495236	0.00349752	0.0021171	0.00122735	0	
76	0.00691895	0.00644635	0.00581615	0.00488967	0.00344942	0.0020861	0.00120992	0	
77	0.0068667	0.00638165	0.00574914	0.00482798	0.00340237	0.0020559	0.00119291	0	
78	0.00681332	0.00631695	0.00568279	0.00476728	0.00335632	0.00202646	0.0011763	0	
79	0.0067589	0.00625229	0.00561708	0.00470754	0.00331122	0.00199774	0.00116007	0	
80	0.00670357	0.00618773	0.00555203	0.00464873	0.00326703	0.00196969	0.0011442	0	
81	0.00664741	0.0061233	0.00548764	0.00459081	0.00322372	0.0019423	0.00112867	0	
82	0.00659053	0.00605905	0.00542391	0.00453378	0.00318125	0.00191552	0.00111347	0	
83	0.006533	0.00599502	0.00536084	0.00447761	0.00313959	0.00188934	0.00109859	0	
84	0.00647491	0.00593123	0.00529843	0.00442227	0.00309871	0.00186371	0.001084	0	
85	0.00641634	0.00586772	0.00523668	0.00436774	0.00305857	0.00183863	0.00106971	0	
86	0.00635736	0.00580452	0.00517559	0.004314	0.00301915	0.00181405	0.00105568	0	
87	0.00629804	0.00574165	0.00511515	0.00426104	0.00298042	0.00178997	0.00104193	0	
88	0.00623844	0.00567913	0.00505537	0.00420884	0.00294236	0.00176636	0.00102842	0	
89	0.00617863	0.005617	0.00499625	0.00415737	0.00290495	0.00174321	0.00101516	0	
90	0.00611867	0.00555526	0.00493777	0.00410663	0.00286817	0.00172049	0.00100214	0	
91	0.0060586	0.00549394	0.00487993	0.00405659	0.00283199	0.00169818	0.000989344	0	
92	0.00599847	0.00543305	0.00482274	0.00400724	0.00279639	0.00167628	0.000976765	0	
93	0.00593834	0.0053726	0.00476618	0.00395857	0.00276136	0.00165477	0.000964399	0	
94	0.00587824	0.00531262	0.00471026	0.00391056	0.00272688	0.00163363	0.000952236	0	
95	0.00581822	0.00525311	0.00465496	0.0038632	0.00269294	0.00161285	0.000940272	0	
96	0.00575832	0.00519408	0.00460029	0.00381647	0.00265952	0.00159241	0.000928499	0	
97	0.00569856	0.00513554	0.00454623	0.00377037	0.0026266	0.00157232	0.000916911	0	
98	0.00563898	0.0050775	0.00449279	0.00372488	0.00259417	0.00155255	0.000905504	0	
99	0.00557961	0.00501996	0.00443996	0.00367998	0.00256222	0.0015331	0.000894271	0	
100	0.00552048	0.00496294	0.00438773	0.00363568	0.00253074	0.00151396	0.000883209	0	
101	0.00546162	0.00490644	0.00433609	0.00359195	0.00249971	0.00149511	0.000872311	0	
102	0.00540304	0.00485045	0.00428505	0.00354878	0.00246912	0.00147655	0.000861575	0	
103	0.00534478	0.004795	0.0042346	0.00350618	0.00243897	0.00145828	0.000850995	0	
104	0.00528684	0.00474007	0.00418472	0.00346412	0.00240924	0.00144027	0.000840568	0	
105	0.00522925	0.00468567	0.00413543	0.0034226	0.00237992	0.00142253	0.00083029	0	
106	0.00517203	0.0046318	0.0040867	0.00338161	0.00235101	0.00140505	0.000820157	0	
107	0.00511519	0.00457847	0.00403853	0.00334114	0.00232249	0.00138783	0.000810166	0	
108	0.00505874	0.00452567	0.00399092	0.00330118	0.00229436	0.00137085	0.000800314	0	
109	0.00500271	0.00447341	0.00394387	0.00326172	0.00226661	0.00135411	0.000790597	0	
110	0.00494709	0.00442168	0.00389736	0.00322276	0.00223923	0.0013376	0.000781013	0	
111	0.0048919	0.00437049	0.0038514	0.00318428	0.00221221	0.00132133	0.000771559	0	
112	0.00483715	0.00431983	0.00380596	0.00314629	0.00218555	0.00130528	0.000762232	0	
113	0.00478285	0.00426969	0.00376106	0.00310877	0.00215924	0.00128945	0.00075303	0	
114	0.004729	0.00422009	0.00371668	0.00307171	0.00213327	0.00127383	0.00074395	0	
115	0.00467562	0.00417102	0.00367282	0.00303511	0.00210764	0.00125842	0.000734989	0	
116	0.0046227	0.00412247	0.00362948	0.00299897	0.00208234	0.00124322	0.000726146	0	
117	0.00457025	0.00407444	0.00358664	0.00296327	0.00205737	0.00122823	0.000717418	0	
118	0.00451828	0.00402693	0.0035443	0.002928	0.00203272	0.00121343	0.000708803	0	
119	0.00446679	0.00397994	0.00350245	0.00289317	0.00200837	0.00119882	0.000700299	0	
120	0.00441579	0.00393347	0.0034611	0.00285877	0.00198434	0.0011844	0.000691904	0	
121	0.00436527	0.0038875	0.00342023	0.00282479	0.00196062	0.00117018	0.000683616	0	
122	0.00431523	0.00384204	0.00337984	0.00279122	0.00193719	0.00115613	0.000675434	0	
123	0.00426569	0.00379709	0.00333993	0.00275805	0.00191405	0.00114227	0.000667356	0	
124	0.00421663	0.00375263	0.00330049	0.0027253	0.00189121	0.00112858	0.000659379	0	
125	0.00416806	0.00370867	0.0032615	0.00269294	0.00186865	0.00111507	0.000651503	0	
126	0.00411999	0.00366521	0.00322298	0.00266097	0.00184637	0.00110173	0.000643726	0	
127	0.0040724	0.00362223	0.00318491	0.00262939	0.00182436	0.00108855	0.000636045	0	
128	0.0040253	0.00357974	0.00314728	0.00259818	0.00180263	0.00107555	0.00062846	0	
129	0.00397869	0.00353772	0.0031101	0.00256736	0.00178117	0.0010627	0.00062097	0	
130	0.00393257	0.00349619	0.00307336	0.00253691	0.00175997	0.00105002	0.000613572	0	
131	0.00388693	0.00345512	0.00303705	0.00250682	0.00173903	0.0010375	0.000606265	0	
132	0.00384178	0.00341452	0.00300117	0.0024771	0.00171835	0.00102513	0.000599049	0	
133	0.00379711	0.00337439	0.00296571	0.00244773	0.00169792	0.00101291	0.000591921	0	
134	0.00375291	0.00333471	0.00293066	0.00241872	0.00167774	0.00100085	0.00058488	0	
135	0.00370919	0.00329549	0.00289604	0.00239006	0.0016578	0.000988932	0.000577926	0	
136	0.00366595	0.00325672	0.00286181	0.00236173	0.00163811	0.000977162	0.000571057	0	
137	0.00362318	0.00321839	0.002828	0.00233375	0.00161866	0.000965537	0.000564271	0	
138	0.00358087	0.00318051	0.00279458	0.0023061	0.00159944	0.000954055	0.000557568	0	
139	0.00353903	0.00314306	0.00276155	0.00227879	0.00158046	0.000942713	0.000550946	0	
140	0.00349765	0.00310604	0.00272892	0.0022518	0.0015617	0.000931509	0.000544405	0	
141	0.00345673	0.00306946	0.00269666	0.00222513	0.00154317	0.000920442	0.000537943	0	
142	0.00341627	0.00303329	0.00266479	0.00219878	0.00152487	0.000909509	0.000531559	0	
143	0.00337626	0.00299755	0.0026333	0.00217274	0.00150678	0.000898709	0.000525252	0	
144	0.00333669	0.00296222	0.00260218	0.00214702	0.00148892	0.00088804	0.000519022	0	
145	0.00329757	0.0029273	0.00257142	0.0021216	0.00147127	0.0008775	0.000512866	0	
146	0.0032589	0.00289278	0.00254103	0.00209649	0.00145383	0.000867087	0.000506785	0	
147	0.00322065	0.00285867	0.002511	0.00207167	0.00143659	0.000856801	0.000500776	0	
148	0.00318284	0.00282496	0.00248132	0.00204715	0.00141957	0.000846638	0.00049484	0	
149	0.00314546	0.00279164	0.00245199	0.00202292	0.00140275	0.000836597	0.000488975	0	
150	0.00310851	0.0027587	0.00242301	0.00199898	0.00138613	0.000826678	0.000483181	0	
151	0.00307198	0.00272616	0.00239437	0.00197533	0.00136971	0.000816878	0.000477456	0	
152	0.00303586	0.00269399	0.00236607	0.00195195	0.00135349	0.000807195	0.000471799	0	
153	0.00300016	0.0026622	0.0023381	0.00192886	0.00133746	0.000797629	0.00046621	0	
154	0.00296487	0.00263078	0.00231046	0.00190603	0.00132162	0.000788177	0.000460688	0	
155	0.00292998	0.00259973	0.00228315	0.00188348	0.00130597	0.000778839	0.000455232	0	
156	0.0028955	0.00256904	0.00225616	0.0018612	0.00129051	0.000769612	0.000449841	0	
157	0.00286141	0.00253871	0.00222949	0.00183918	0.00127523	0.000760496	0.000444515	0	
158	0.00282771	0.00250874	0.00220314	0.00181742	0.00126014	0.000751488	0.000439252	0	
159	0.00279441	0.00247912	0.00217709	0.00179592	0.00124522	0.000742589	0.000434052	0	
160	0.00276149	0.00244984	0.00215136	0.00177468	0.00123048	0.000733795	0.000428913	0	
161	0.00272895	0.00242091	0.00212593	0.00175369	0.00121592	0.000725107	0.000423836	0	
162	0.00269679	0.00239232	0.0021008	0.00173294	0.00120153	0.000716522	0.00041882	0	
163	0.002665	0.00236407	0.00207596	0.00171245	0.00118731	0.000708039	0.000413863	0	
164	0.00263358	0.00233615	0.00205142	0.00169219	0.00117326	0.000699658	0.000408965	0	
165	0.00260253	0.00230855	0.00202717	0.00167218	0.00115938	0.000691376	0.000404125	0	
166	0.00257184	0.00228129	0.00200321	0.0016524	0.00114566	0.000683193	0.000399343	0	
167	0.00254151	0.00225434	0.00197953	0.00163286	0.0011321	0.000675107	0.000394618	0	
168	0.00251153	0.00222771	0.00195613	0.00161355	0.00111871	0.000667118	0.000389949	0	
169	0.0024819	0.00220139	0.001933	0.00159446	0.00110548	0.000659223	0.000385335	0	
170	0.00245262	0.00217538	0.00191015	0.00157561	0.0010924	0.000651423	0.000380776	0	
171	0.00242368	0.00214968	0.00188757	0.00155698	0.00107948	0.000643715	0.000376271	0	
172	0.00239507	0.00212428	0.00186526	0.00153856	0.00106671	0.000636099	0.00037182	0	
173	0.00236681	0.00209918	0.00184321	0.00152037	0.00105409	0.000628573	0.000367422	0	
174	0.00233887	0.00207438	0.00182142	0.00150239	0.00104162	0.000621136	0.000363075	0	
175	0.00231126	0.00204987	0.00179988	0.00148462	0.0010293	0.000613788	0.000358781	0	
176	0.00228397	0.00202564	0.00177861	0.00146707	0.00101713	0.000606527	0.000354537	0	
177	0.00225701	0.00200171	0.00175758	0.00144972	0.0010051	0.000599352	0.000350343	0	
178	0.00223036	0.00197805	0.0017368	0.00143258	0.000993209	0.000592262	0.0003462	0	
179	0.00220402	0.00195468	0.00171627	0.00141564	0.000981462	0.000585257	0.000342105	0	
180	0.00217799	0.00193158	0.00169598	0.0013989	0.000969855	0.000578334	0.000338059	0	
181	0.00215227	0.00190875	0.00167593	0.00138236	0.000958385	0.000571493	0.000334061	0	
182	0.00212685	0.00188619	0.00165612	0.00136601	0.000947051	0.000564734	0.00033011	0	
183	0.00210173	0.0018639	0.00163654	0.00134986	0.000935851	0.000558055	0.000326206	0	
184	0.00207691	0.00184187	0.00161719	0.0013339	0.000924784	0.000551455	0.000322348	0	
185	0.00205238	0.0018201	0.00159807	0.00131813	0.000913848	0.000544933	0.000318536	0	
186	0.00202813	0.00179859	0.00157918	0.00130254	0.000903042	0.000538488	0.000314769	0	
187	0.00200417	0.00177733	0.00156051	0.00128714	0.000892363	0.00053212	0.000311047	0	
188	0.00198049	0.00175632	0.00154206	0.00127192	0.000881811	0.000525827	0.000307369	0	
189	0.0019571	0.00173557	0.00152383	0.00125689	0.000871384	0.000519609	0.000303734	0	
190	0.00193397	0.00171505	0.00150582	0.00124202	0.00086108	0.000513464	0.000300142	0	
191	0.00191112	0.00169478	0.00148802	0.00122734	0.000850898	0.000507392	0.000296593	0	
192	0.00188854	0.00167475	0.00147043	0.00121283	0.000840837	0.000501392	0.000293086	0	
193	0.00186623	0.00165495	0.00145304	0.00119849	0.000830894	0.000495463	0.000289621	0	
194	0.00184418	0.00163539	0.00143586	0.00118432	0.00082107	0.000489604	0.000286196	0	
195	0.00182238	0.00161606	0.00141889	0.00117032	0.000811361	0.000483815	0.000282812	0	
196	0.00180085	0.00159696	0.00140212	0.00115648	0.000801768	0.000478094	0.000279468	0	
197	0.00177957	0.00157808	0.00138554	0.00114281	0.000792288	0.000472441	0.000276163	0	
198	0.00175854	0.00155943	0.00136916	0.0011293	0.00078292	0.000466854	0.000272898	0	
199	0.00173776	0.00154099	0.00135297	0.00111594	0.000773663	0.000461334	0.000269671	0	
200	0.00171722	0.00152278	0.00133698	0.00110275	0.000764516	0.000455879	0.000266483	0	
201	0.00169692	0.00150478	0.00132117	0.00108971	0.000755476	0.000450489	0.000263332	0	
202	0.00167687	0.00148699	0.00130555	0.00107683	0.000746544	0.000445162	0.000260219	0	
203	0.00165705	0.00146941	0.00129012	0.0010641	0.000737717	0.000439899	0.000257142	0	
204	0.00163747	0.00145204	0.00127487	0.00105152	0.000728995	0.000434697	0.000254102	0	
205	0.00161811	0.00143488	0.0012598	0.00103909	0.000720376	0.000429558	0.000251097	0	
206	0.00159899	0.00141791	0.0012449	0.0010268	0.000711859	0.000424479	0.000248128	0	
207	0.00158009	0.00140115	0.00123018	0.00101466	0.000703442	0.00041946	0.000245195	0	
208	0.00156141	0.00138459	0.00121564	0.00100266	0.000695125	0.000414501	0.000242296	0	
209	0.00154296	0.00136822	0.00120127	0.000990811	0.000686907	0.0004096	0.000239431	0	
210	0.00152472	0.00135205	0.00118707	0.000979097	0.000678786	0.000404757	0.0002366	0	
211	0.0015067	0.00133606	0.00117303	0.000967521	0.00067076	0.000399971	0.000233803	0	
212	0.00148889	0.00132027	0.00115917	0.000956083	0.00066283	0.000395243	0.000231039	0	
213	0.00147129	0.00130466	0.00114546	0.000944779	0.000654994	0.00039057	0.000228307	0	
214	0.0014539	0.00128924	0.00113192	0.000933609	0.00064725	0.000385952	0.000225608	0	
215	0.00143671	0.001274	0.00111854	0.000922572	0.000639597	0.000381389	0.00022294	0	
216	0.00141973	0.00125894	0.00110532	0.000911665	0.000632036	0.00037688	0.000220305	0	
217	0.00140295	0.00124405	0.00109225	0.000900887	0.000624563	0.000372424	0.0002177	0	
218	0.00138636	0.00122935	0.00107934	0.000890236	0.000617179	0.000368021	0.000215126	0	
219	0.00136997	0.00121481	0.00106658	0.000879711	0.000609882	0.00036367	0.000212583	0	
220	0.00135378	0.00120045	0.00105397	0.000869311	0.000602672	0.00035937	0.00021007	0	
221	0.00133778	0.00118626	0.00104151	0.000859033	0.000595547	0.000355121	0.000207586	0	
222	0.00132196	0.00117224	0.00102919	0.000848878	0.000588506	0.000350923	0.000205132	0	
223	0.00130634	0.00115838	0.00101703	0.000838842	0.000581548	0.000346774	0.000202707	0	
224	0.00129089	0.00114468	0.001005	0.000828925	0.000574673	0.000342674	0.00020031	0	
225	0.00127563	0.00113115	0.000993121	0.000819125	0.000567879	0.000338623	0.000197942	0	
226	0.00126055	0.00111778	0.00098138	0.000809441	0.000561165	0.000334619	0.000195602	0	
227	0.00124565	0.00110457	0.000969778	0.000799871	0.000554531	0.000330663	0.000193289	0	
228	0.00123093	0.00109151	0.000958313	0.000790415	0.000547975	0.000326754	0.000191004	0	
229	0.00121638	0.0010786	0.000946983	0.00078107	0.000541496	0.000322891	0.000188746	0	
230	0.001202	0.00106585	0.000935788	0.000771836	0.000535094	0.000319073	0.000186514	0	
231	0.00118779	0.00105325	0.000924725	0.000762711	0.000528768	0.000315301	0.000184309	0	
232	0.00117375	0.0010408	0.000913793	0.000753694	0.000522517	0.000311573	0.00018213	0	
233	0.00115987	0.0010285	0.00090299	0.000744784	0.000516339	0.00030789	0.000179977	0	
234	0.00114616	0.00101634	0.000892314	0.000735979	0.000510235	0.00030425	0.000177849	0	
235	0.00113261	0.00100432	0.000881765	0.000727278	0.000504203	0.000300653	0.000175747	0	
236	0.00111922	0.000992449	0.000871341	0.00071868	0.000498242	0.000297098	0.000173669	0	
237	0.00110599	0.000980716	0.00086104	0.000710183	0.000492352	0.000293586	0.000171616	0	
238	0.00109291	0.000969122	0.00085086	0.000701787	0.000486531	0.000290115	0.000169587	0	
239	0.00107999	0.000957665	0.000840801	0.00069349	0.000480779	0.000286685	0.000167582	0	
240	0.00106723	0.000946343	0.000830861	0.000685292	0.000475095	0.000283296	0.000165601	0	
241	0.00105461	0.000935155	0.000821038	0.00067719	0.000469478	0.000279947	0.000163643	0	
242	0.00104214	0.0009241	0.000811332	0.000669184	0.000463928	0.000276637	0.000161708	0	
243	0.00102982	0.000913175	0.00080174	0.000661273	0.000458443	0.000273366	0.000159797	0	
244	0.00101765	0.000902379	0.000792262	0.000653455	0.000453023	0.000270135	0.000157907	0	
245	0.00100562	0.000891711	0.000782895	0.00064573	0.000447667	0.000266941	0.000156041	0	
246	0.000993729	0.000881169	0.00077364	0.000638096	0.000442375	0.000263785	0.000154196	0	
247	0.000981981	0.000870752	0.000764494	0.000630552	0.000437145	0.000260667	0.000152373	0	
248	0.000970372	0.000860458	0.000755456	0.000623097	0.000431977	0.000257585	0.000150571	0	
249	0.0009589	0.000850285	0.000746525	0.000615731	0.00042687	0.00025454	0.000148791	0	
250	0.000947564	0.000840233	0.000737699	0.000608452	0.000421823	0.00025153	0.000147032	0	
